FAST_TOTAL=2839655598.480229855
FAST_ANNIHILATE_STACKS=[30, 29, 29, 30, 29, 29, 30]
FAST_ANNIHILATE_ROWS=[(12.349999999999993, 30.0, 1866057.0657290965), (38.34999999999961, 29.0, 1794014.2289664447), (64.34999999999815, 29.0, 1794014.2289664447), (90.34999999999667, 30.0, 1866057.0657290816), (116.34999999999519, 29.0, 1794014.228966415), (141.8999999999979, 29.0, 1439494.2180623412), (167.9000000000186, 30.0, 1866057.0657290816)]
FAST_ASUKA_CASTS=[(3.349999999999993, '3', 0), (29.349999999999614, '3', 2), (55.34999999999814, '3', 4), (81.34999999999667, '3', 6), (107.34999999999519, '3', 8), (132.8999999999979, '3', 10), (158.9000000000186, '3', 12)]
MORIS_ASUKA_CASTS=[3.349999999999993, 29.349999999999614, 55.34999999999814, 81.34999999999667, 107.34999999999519, 132.91666666666458, 158.91666666668527]
MORIS_STATE_END_ROWS=[(12.350000000000193, 30), (38.36666666666577, 29), (64.3666666666643, 29), (90.36666666666282, 30), (116.36666666666135, 29), (141.91666666667174, 29), (167.91666666669244, 29)]
Traceback (most recent call last):
  File "/home/runner/work/nikke-calc/nikke-calc/fast_engine/research/tmp_validate_asuka_mg_v2.py", line 255, in <module>
    main()
    ~~~~^^
  File "/home/runner/work/nikke-calc/nikke-calc/fast_engine/research/tmp_validate_asuka_mg_v2.py", line 238, in main
    assert moris_stacks == fast_stacks, (
           ^^^^^^^^^^^^^^^^^^^^^^^^^^^
AssertionError: seed=0 stack mismatch: Moris=[30, 29, 29, 30, 29, 29, 29] Fast=[30, 29, 29, 30, 29, 29, 30]
MORIS_TOTAL=2839765440.000000000
MORIS_STATE_ENDS=[(12.350000000000193, 30), (38.36666666666577, 29), (64.3666666666643, 29), (90.36666666666282, 30), (116.36666666666135, 29), (141.91666666667174, 29), (167.91666666669244, 29)]
MORIS_STACK_CHANGES_135_PLUS=[(135.16666666666637, 14, 'hit_count'), (135.33333333333317, 15, 'hit_count'), (135.49999999999997, 16, 'hit_count'), (135.66666666666677, 17, 'hit_count'), (135.83333333333357, 18, 'hit_count'), (136.00000000000037, 19, 'hit_count'), (136.16666666666717, 20, 'hit_count'), (136.33333333333397, 21, 'hit_count'), (136.50000000000077, 22, 'hit_count'), (136.66666666666757, 23, 'hit_count'), (136.83333333333437, 24, 'hit_count'), (140.2166666666704, 25, 'hit_count'), (141.08333333333775, 26, 'hit_count'), (141.41666666667135, 27, 'hit_count'), (141.6333333333382, 28, 'hit_count'), (141.80000000000499, 29, 'hit_count'), (143.56666666667306, 0, 'hit_count'), (159.0666666666854, 1, 'hit_count'), (159.2333333333522, 2, 'hit_count'), (159.400000000019, 3, 'hit_count'), (159.5666666666858, 4, 'hit_count'), (159.7333333333526, 5, 'hit_count'), (159.9000000000194, 6, 'hit_count'), (160.0666666666862, 7, 'hit_count'), (160.233333333353, 8, 'hit_count'), (160.4000000000198, 9, 'hit_count'), (160.5666666666866, 10, 'hit_count'), (160.7333333333534, 11, 'hit_count'), (160.90000000002019, 12, 'hit_count'), (161.06666666668698, 13, 'hit_count'), (161.23333333335378, 14, 'hit_count'), (161.40000000002058, 15, 'hit_count'), (161.56666666668738, 16, 'hit_count'), (161.73333333335418, 17, 'hit_count'), (161.90000000002098, 18, 'hit_count'), (162.06666666668778, 19, 'hit_count'), (162.23333333335458, 20, 'hit_count'), (162.40000000002138, 21, 'hit_count'), (165.93333333335752, 22, 'hit_count'), (166.66666666669144, 23, 'hit_count'), (167.00000000002504, 24, 'hit_count'), (167.2000000000252, 25, 'hit_count'), (167.366666666692, 26, 'hit_count'), (167.5333333333588, 27, 'hit_count'), (167.7000000000256, 28, 'hit_count'), (167.8666666666924, 29, 'hit_count'), (169.56666666669375, 0, 'hit_count')]
MORIS_HITS_135_PLUS=[135.01666666666625, 135.03333333333293, 135.0499999999996, 135.0666666666663, 135.08333333333297, 135.09999999999965, 135.11666666666633, 135.133333333333, 135.1499999999997, 135.16666666666637, 135.18333333333305, 135.19999999999973, 135.2166666666664, 135.2333333333331, 135.24999999999977, 135.26666666666645, 135.28333333333313, 135.2999999999998, 135.3166666666665, 135.33333333333317, 135.34999999999985, 135.36666666666653, 135.3833333333332, 135.3999999999999, 135.41666666666657, 135.43333333333325, 135.44999999999993, 135.4666666666666, 135.4833333333333, 135.49999999999997, 135.51666666666665, 135.53333333333333, 135.55, 135.5666666666667, 135.58333333333337, 135.60000000000005, 135.61666666666673, 135.6333333333334, 135.6500000000001, 135.66666666666677, 135.68333333333345, 135.70000000000013, 135.7166666666668, 135.7333333333335, 135.75000000000017, 135.76666666666685, 135.78333333333353, 135.8000000000002, 135.8166666666669, 135.83333333333357, 135.85000000000025, 135.86666666666693, 135.8833333333336, 135.9000000000003, 135.91666666666697, 135.93333333333365, 135.95000000000033, 135.966666666667, 135.9833333333337, 136.00000000000037, 136.01666666666705, 136.03333333333373, 136.0500000000004, 136.0666666666671, 136.08333333333377, 136.10000000000045, 136.11666666666713, 136.1333333333338, 136.1500000000005, 136.16666666666717, 136.18333333333385, 136.20000000000053, 136.2166666666672, 136.2333333333339, 136.25000000000057, 136.26666666666725, 136.28333333333393, 136.3000000000006, 136.3166666666673, 136.33333333333397, 136.35000000000065, 136.36666666666733, 136.383333333334, 136.4000000000007, 136.41666666666737, 136.43333333333405, 136.45000000000073, 136.4666666666674, 136.4833333333341, 136.50000000000077, 136.51666666666745, 136.53333333333413, 136.5500000000008, 136.5666666666675, 136.58333333333417, 136.60000000000085, 136.61666666666753, 136.6333333333342, 136.6500000000009, 136.66666666666757, 136.68333333333425, 136.70000000000093, 136.7166666666676, 136.7333333333343, 136.75000000000097, 136.76666666666765, 136.78333333333433, 136.800000000001, 136.8166666666677, 136.83333333333437, 136.85000000000105, 136.86666666666773, 136.8833333333344, 136.90000000000109, 136.91666666666777, 136.93333333333445, 138.60000000000244, 139.60000000000323, 139.98333333333687, 140.2166666666704, 140.3833333333372, 140.51666666667063, 140.6166666666707, 140.7166666666708, 140.7833333333375, 140.85000000000423, 140.91666666667095, 140.98333333333767, 141.0333333333377, 141.08333333333775, 141.1166666666711, 141.16666666667115, 141.2000000000045, 141.23333333333787, 141.26666666667123, 141.3000000000046, 141.33333333333795, 141.3666666666713, 141.383333333338, 141.41666666667135, 141.4500000000047, 141.4666666666714, 141.48333333333807, 141.51666666667143, 141.5333333333381, 141.5500000000048, 141.58333333333815, 141.60000000000483, 141.6166666666715, 141.6333333333382, 141.65000000000487, 141.66666666667155, 141.68333333333823, 141.7000000000049, 141.71666666667159, 141.73333333333827, 141.75000000000495, 141.76666666667163, 141.7833333333383, 141.80000000000499, 141.81666666667167, 141.83333333333835, 141.85000000000502, 141.8666666666717, 141.88333333333838, 141.90000000000506, 143.56666666667306, 144.56666666667385, 145.56666666667465, 146.56666666667545, 146.95000000000908, 147.1833333333426, 147.3500000000094, 147.48333333334284, 147.58333333334292, 147.683333333343, 147.75000000000972, 147.81666666667644, 147.88333333334316, 147.95000000000988, 148.00000000000992, 148.05000000000996, 148.08333333334332, 148.13333333334336, 148.16666666667672, 148.20000000001008, 148.23333333334344, 148.2666666666768, 148.30000000001016, 148.33333333334352, 148.3500000000102, 148.38333333334356, 148.41666666667692, 148.4333333333436, 148.45000000001028, 148.48333333334364, 148.50000000001032, 148.516666666677, 148.55000000001036, 148.56666666667704, 148.58333333334372, 148.6000000000104, 148.61666666667708, 148.63333333334376, 148.65000000001044, 148.66666666667712, 148.6833333333438, 148.70000000001048, 148.71666666667716, 148.73333333334384, 148.75000000001052, 148.7666666666772, 148.78333333334388, 148.80000000001056, 148.81666666667724, 148.83333333334392, 148.8500000000106, 148.86666666667728, 148.88333333334396, 148.90000000001064, 148.91666666667732, 148.933333333344, 148.95000000001068, 148.96666666667736, 148.98333333334404, 149.00000000001071, 149.0166666666774, 149.03333333334407, 149.05000000001075, 149.06666666667743, 149.08333333334411, 149.1000000000108, 149.11666666667747, 149.13333333334415, 149.15000000001083, 149.16666666667751, 149.1833333333442, 149.20000000001087, 149.21666666667755, 149.23333333334423, 149.2500000000109, 149.2666666666776, 149.28333333334427, 149.30000000001095, 149.31666666667763, 149.3333333333443, 149.350000000011, 149.36666666667767, 149.38333333334435, 149.40000000001103, 149.4166666666777, 149.4333333333444, 149.45000000001107, 149.46666666667775, 149.48333333334443, 149.5000000000111, 149.5166666666778, 149.53333333334447, 149.55000000001115, 149.56666666667783, 149.5833333333445, 149.6000000000112, 149.61666666667787, 149.63333333334455, 149.65000000001123, 149.6666666666779, 149.6833333333446, 149.70000000001127, 149.71666666667795, 149.73333333334463, 149.7500000000113, 149.766666666678, 149.78333333334467, 149.80000000001135, 149.81666666667803, 149.8333333333447, 149.8500000000114, 149.86666666667807, 149.88333333334475, 149.90000000001143, 149.9166666666781, 149.9333333333448, 149.95000000001147, 149.96666666667815, 149.98333333334483, 150.0000000000115, 150.0166666666782, 150.03333333334487, 150.05000000001155, 150.06666666667823, 150.0833333333449, 150.1000000000116, 150.11666666667827, 150.13333333334495, 150.15000000001163, 150.1666666666783, 150.183333333345, 150.20000000001167, 150.21666666667835, 150.23333333334503, 150.2500000000117, 150.2666666666784, 150.28333333334507, 150.30000000001175, 150.31666666667843, 150.3333333333451, 150.3500000000118, 150.36666666667847, 150.38333333334515, 150.40000000001183, 150.4166666666785, 150.4333333333452, 150.45000000001187, 150.46666666667855, 150.48333333334523, 150.5000000000119, 150.5166666666786, 150.53333333334527, 150.55000000001195, 150.56666666667863, 150.5833333333453, 150.600000000012, 150.61666666667867, 150.63333333334535, 150.65000000001203, 150.6666666666787, 150.6833333333454, 150.70000000001207, 150.71666666667875, 150.73333333334543, 150.7500000000121, 150.7666666666788, 150.78333333334547, 150.80000000001215, 150.81666666667883, 150.8333333333455, 150.8500000000122, 150.86666666667887, 150.88333333334555, 150.90000000001223, 150.9166666666789, 150.9333333333456, 150.95000000001227, 150.96666666667895, 150.98333333334563, 151.0000000000123, 151.016666666679, 151.03333333334567, 151.05000000001235, 151.06666666667903, 151.0833333333457, 151.1000000000124, 151.11666666667907, 151.13333333334575, 151.15000000001243, 151.1666666666791, 151.1833333333458, 151.20000000001247, 151.21666666667915, 151.23333333334583, 151.2500000000125, 151.26666666667919, 151.28333333334587, 151.30000000001255, 151.31666666667923, 151.3333333333459, 151.35000000001259, 151.36666666667927, 151.38333333334594, 151.40000000001262, 151.4166666666793, 151.43333333334598, 151.45000000001266, 151.46666666667934, 151.48333333334602, 151.5000000000127, 151.51666666667938, 151.53333333334606, 151.55000000001274, 151.56666666667942, 151.5833333333461, 151.60000000001278, 151.61666666667946, 151.63333333334614, 151.65000000001282, 151.6666666666795, 151.68333333334618, 151.70000000001286, 151.71666666667954, 151.73333333334622, 151.7500000000129, 151.76666666667958, 151.78333333334626, 151.80000000001294, 151.81666666667962, 151.8333333333463, 151.85000000001298, 151.86666666667966, 151.88333333334634, 151.90000000001302, 151.9166666666797, 151.93333333334638, 151.95000000001306, 151.96666666667974, 151.98333333334642, 152.0000000000131, 152.01666666667978, 152.03333333334646, 152.05000000001314, 152.06666666667982, 152.0833333333465, 152.10000000001318, 152.11666666667986, 152.13333333334654, 152.15000000001322, 152.1666666666799, 152.18333333334658, 152.20000000001326, 152.21666666667994, 152.23333333334662, 152.2500000000133, 152.26666666667998, 152.28333333334666, 152.30000000001334, 152.31666666668002, 152.3333333333467, 152.35000000001338, 152.36666666668006, 152.38333333334674, 152.40000000001342, 152.4166666666801, 152.43333333334678, 152.45000000001346, 152.46666666668014, 152.48333333334682, 152.5000000000135, 152.51666666668018, 152.53333333334686, 152.55000000001354, 152.56666666668022, 152.5833333333469, 152.60000000001358, 152.61666666668026, 152.63333333334694, 152.65000000001362, 152.6666666666803, 152.68333333334698, 152.70000000001366, 152.71666666668034, 152.73333333334702, 152.7500000000137, 152.76666666668038, 152.78333333334706, 152.80000000001374, 152.81666666668042, 152.8333333333471, 152.85000000001378, 152.86666666668046, 152.88333333334714, 152.90000000001382, 152.9166666666805, 152.93333333334718, 152.95000000001386, 152.96666666668054, 152.98333333334722, 153.0000000000139, 153.01666666668058, 153.03333333334726, 153.05000000001394, 153.06666666668062, 153.0833333333473, 153.10000000001398, 153.11666666668066, 153.13333333334734, 153.15000000001402, 153.1666666666807, 153.18333333334738, 153.20000000001406, 153.21666666668074, 153.23333333334742, 153.2500000000141, 153.26666666668078, 153.28333333334746, 153.30000000001414, 153.31666666668082, 153.3333333333475, 153.35000000001418, 153.36666666668086, 153.38333333334754, 153.40000000001422, 153.4166666666809, 153.43333333334758, 153.45000000001426, 153.46666666668094, 153.48333333334762, 153.5000000000143, 153.51666666668098, 153.53333333334766, 153.55000000001434, 153.56666666668102, 153.5833333333477, 153.60000000001438, 153.61666666668106, 153.63333333334774, 153.65000000001442, 153.6666666666811, 153.68333333334778, 153.70000000001446, 153.71666666668114, 153.73333333334782, 153.7500000000145, 153.76666666668118, 153.78333333334785, 153.80000000001453, 153.81666666668121, 153.8333333333479, 153.85000000001457, 153.86666666668125, 153.88333333334793, 153.90000000001461, 153.9166666666813, 153.93333333334797, 153.95000000001465, 153.96666666668133, 153.983333333348, 154.0000000000147, 154.01666666668137, 154.03333333334805, 154.05000000001473, 154.0666666666814, 154.0833333333481, 154.10000000001477, 154.11666666668145, 154.13333333334813, 154.1500000000148, 154.1666666666815, 154.18333333334817, 154.20000000001485, 154.21666666668153, 154.2333333333482, 154.2500000000149, 154.26666666668157, 154.28333333334825, 154.30000000001493, 154.3166666666816, 154.3333333333483, 154.35000000001497, 154.36666666668165, 154.38333333334833, 154.400000000015, 154.4166666666817, 154.43333333334837, 154.45000000001505, 154.46666666668173, 154.4833333333484, 154.5000000000151, 154.51666666668177, 154.53333333334845, 154.55000000001513, 154.5666666666818, 154.5833333333485, 154.60000000001517, 154.61666666668185, 154.63333333334853, 154.6500000000152, 154.6666666666819, 154.68333333334857, 154.70000000001525, 154.71666666668193, 154.7333333333486, 154.7500000000153, 154.76666666668197, 154.78333333334865, 154.80000000001533, 154.816666666682, 154.8333333333487, 154.85000000001537, 154.86666666668205, 154.88333333334873, 154.9000000000154, 154.9166666666821, 154.93333333334877, 154.95000000001545, 154.96666666668213, 154.9833333333488, 155.0000000000155, 155.01666666668217, 155.03333333334885, 155.05000000001553, 155.0666666666822, 155.0833333333489, 155.10000000001557, 155.11666666668225, 155.13333333334893, 155.1500000000156, 155.1666666666823, 155.18333333334897, 155.20000000001565, 155.21666666668233, 155.233333333349, 155.2500000000157, 155.26666666668237, 155.28333333334905, 155.30000000001573, 155.3166666666824, 155.3333333333491, 155.35000000001577, 155.36666666668245, 155.38333333334913, 155.4000000000158, 155.4166666666825, 155.43333333334917, 155.45000000001585, 155.46666666668253, 155.4833333333492, 155.5000000000159, 155.51666666668257, 155.53333333334925, 155.55000000001593, 155.5666666666826, 155.5833333333493, 155.60000000001597, 155.61666666668265, 155.63333333334933, 155.650000000016, 155.6666666666827, 155.68333333334937, 155.70000000001605, 155.71666666668273, 155.7333333333494, 155.7500000000161, 155.76666666668277, 155.78333333334945, 155.80000000001613, 155.8166666666828, 155.8333333333495, 155.85000000001617, 155.86666666668285, 155.88333333334953, 155.9000000000162, 155.9166666666829, 155.93333333334957, 155.95000000001625, 155.96666666668293, 155.9833333333496, 156.00000000001629, 156.01666666668297, 156.03333333334965, 156.05000000001633, 156.066666666683, 156.08333333334969, 156.10000000001637, 156.11666666668305, 156.13333333334973, 156.1500000000164, 156.16666666668308, 156.18333333334976, 156.20000000001644, 156.21666666668312, 156.2333333333498, 156.25000000001648, 156.26666666668316, 156.28333333334984, 156.30000000001652, 156.3166666666832, 156.33333333334988, 156.35000000001656, 156.36666666668324, 156.38333333334992, 156.4000000000166, 156.41666666668328, 156.43333333334996, 156.45000000001664, 156.46666666668332, 156.48333333335, 156.50000000001668, 156.51666666668336, 156.53333333335004, 156.55000000001672, 156.5666666666834, 156.58333333335008, 156.60000000001676, 156.61666666668344, 156.63333333335012, 156.6500000000168, 156.66666666668348, 156.68333333335016, 156.70000000001684, 156.71666666668352, 156.7333333333502, 156.75000000001688, 156.76666666668356, 156.78333333335024, 156.80000000001692, 156.8166666666836, 156.83333333335028, 156.85000000001696, 156.86666666668364, 156.88333333335032, 156.900000000017, 156.91666666668368, 156.93333333335036, 156.95000000001704, 156.96666666668372, 156.9833333333504, 157.00000000001708, 157.01666666668376, 157.03333333335044, 157.05000000001712, 157.0666666666838, 157.08333333335048, 157.10000000001716, 157.11666666668384, 157.13333333335052, 157.1500000000172, 157.16666666668388, 157.18333333335056, 157.20000000001724, 157.21666666668392, 157.2333333333506, 157.25000000001728, 157.26666666668396, 157.28333333335064, 157.30000000001732, 157.316666666684, 157.33333333335068, 157.35000000001736, 157.36666666668404, 157.38333333335072, 157.4000000000174, 157.41666666668408, 157.43333333335076, 157.45000000001744, 157.46666666668412, 157.4833333333508, 157.50000000001748, 157.51666666668416, 157.53333333335084, 157.55000000001752, 157.5666666666842, 157.58333333335088, 157.60000000001756, 157.61666666668424, 157.63333333335092, 157.6500000000176, 157.66666666668428, 157.68333333335096, 157.70000000001764, 157.71666666668432, 157.733333333351, 157.75000000001768, 157.76666666668436, 157.78333333335104, 157.80000000001772, 157.8166666666844, 157.83333333335108, 157.85000000001776, 157.86666666668444, 157.88333333335112, 157.9000000000178, 157.91666666668448, 157.93333333335116, 157.95000000001784, 157.96666666668452, 157.9833333333512, 158.00000000001788, 158.01666666668456, 158.03333333335124, 158.05000000001792, 158.0666666666846, 158.08333333335128, 158.10000000001796, 158.11666666668464, 158.13333333335132, 158.150000000018, 158.16666666668468, 158.18333333335136, 158.20000000001804, 158.21666666668472, 158.2333333333514, 158.25000000001808, 158.26666666668476, 158.28333333335144, 158.30000000001812, 158.3166666666848, 158.33333333335148, 158.35000000001816, 158.36666666668484, 158.38333333335152, 158.4000000000182, 158.41666666668488, 158.43333333335156, 158.45000000001824, 158.46666666668492, 158.4833333333516, 158.50000000001828, 158.51666666668496, 158.53333333335164, 158.55000000001831, 158.566666666685, 158.58333333335167, 158.60000000001835, 158.61666666668503, 158.63333333335171, 158.6500000000184, 158.66666666668507, 158.68333333335175, 158.70000000001843, 158.71666666668511, 158.7333333333518, 158.75000000001847, 158.76666666668515, 158.78333333335183, 158.8000000000185, 158.8166666666852, 158.83333333335187, 158.85000000001855, 158.86666666668523, 158.8833333333519, 158.9000000000186, 158.91666666668527, 158.93333333335195, 158.95000000001863, 158.9666666666853, 158.983333333352, 159.00000000001867, 159.01666666668535, 159.03333333335203, 159.0500000000187, 159.0666666666854, 159.08333333335207, 159.10000000001875, 159.11666666668543, 159.1333333333521, 159.1500000000188, 159.16666666668547, 159.18333333335215, 159.20000000001883, 159.2166666666855, 159.2333333333522, 159.25000000001887, 159.26666666668555, 159.28333333335223, 159.3000000000189, 159.3166666666856, 159.33333333335227, 159.35000000001895, 159.36666666668563, 159.3833333333523, 159.400000000019, 159.41666666668567, 159.43333333335235, 159.45000000001903, 159.4666666666857, 159.4833333333524, 159.50000000001907, 159.51666666668575, 159.53333333335243, 159.5500000000191, 159.5666666666858, 159.58333333335247, 159.60000000001915, 159.61666666668583, 159.6333333333525, 159.6500000000192, 159.66666666668587, 159.68333333335255, 159.70000000001923, 159.7166666666859, 159.7333333333526, 159.75000000001927, 159.76666666668595, 159.78333333335263, 159.8000000000193, 159.816666666686, 159.83333333335267, 159.85000000001935, 159.86666666668603, 159.8833333333527, 159.9000000000194, 159.91666666668607, 159.93333333335275, 159.95000000001943, 159.9666666666861, 159.9833333333528, 160.00000000001947, 160.01666666668615, 160.03333333335283, 160.0500000000195, 160.0666666666862, 160.08333333335287, 160.10000000001955, 160.11666666668623, 160.1333333333529, 160.1500000000196, 160.16666666668627, 160.18333333335295, 160.20000000001963, 160.2166666666863, 160.233333333353, 160.25000000001967, 160.26666666668635, 160.28333333335303, 160.3000000000197, 160.3166666666864, 160.33333333335307, 160.35000000001975, 160.36666666668643, 160.3833333333531, 160.4000000000198, 160.41666666668647, 160.43333333335315, 160.45000000001983, 160.4666666666865, 160.4833333333532, 160.50000000001987, 160.51666666668655, 160.53333333335323, 160.5500000000199, 160.5666666666866, 160.58333333335327, 160.60000000001995, 160.61666666668663, 160.6333333333533, 160.65000000002, 160.66666666668667, 160.68333333335335, 160.70000000002003, 160.7166666666867, 160.7333333333534, 160.75000000002007, 160.76666666668675, 160.78333333335343, 160.8000000000201, 160.81666666668679, 160.83333333335347, 160.85000000002015, 160.86666666668683, 160.8833333333535, 160.90000000002019, 160.91666666668687, 160.93333333335354, 160.95000000002022, 160.9666666666869, 160.98333333335358, 161.00000000002026, 161.01666666668694, 161.03333333335362, 161.0500000000203, 161.06666666668698, 161.08333333335366, 161.10000000002034, 161.11666666668702, 161.1333333333537, 161.15000000002038, 161.16666666668706, 161.18333333335374, 161.20000000002042, 161.2166666666871, 161.23333333335378, 161.25000000002046, 161.26666666668714, 161.28333333335382, 161.3000000000205, 161.31666666668718, 161.33333333335386, 161.35000000002054, 161.36666666668722, 161.3833333333539, 161.40000000002058, 161.41666666668726, 161.43333333335394, 161.45000000002062, 161.4666666666873, 161.48333333335398, 161.50000000002066, 161.51666666668734, 161.53333333335402, 161.5500000000207, 161.56666666668738, 161.58333333335406, 161.60000000002074, 161.61666666668742, 161.6333333333541, 161.65000000002078, 161.66666666668746, 161.68333333335414, 161.70000000002082, 161.7166666666875, 161.73333333335418, 161.75000000002086, 161.76666666668754, 161.78333333335422, 161.8000000000209, 161.81666666668758, 161.83333333335426, 161.85000000002094, 161.86666666668762, 161.8833333333543, 161.90000000002098, 161.91666666668766, 161.93333333335434, 161.95000000002102, 161.9666666666877, 161.98333333335438, 162.00000000002106, 162.01666666668774, 162.03333333335442, 162.0500000000211, 162.06666666668778, 162.08333333335446, 162.10000000002114, 162.11666666668782, 162.1333333333545, 162.15000000002118, 162.16666666668786, 162.18333333335454, 162.20000000002122, 162.2166666666879, 162.23333333335458, 162.25000000002126, 162.26666666668794, 162.28333333335462, 162.3000000000213, 162.31666666668798, 162.33333333335466, 162.35000000002134, 162.36666666668802, 162.3833333333547, 162.40000000002138, 162.41666666668806, 162.43333333335474, 162.45000000002142, 162.4666666666881, 162.48333333335478, 164.15000000002277, 165.15000000002357, 165.5333333333572, 165.76666666669072, 165.93333333335752, 166.06666666669096, 166.16666666669104, 166.26666666669112, 166.33333333335784, 166.40000000002456, 166.46666666669128, 166.533333333358, 166.58333333335804, 166.63333333335808, 166.66666666669144, 166.71666666669148, 166.75000000002484, 166.7833333333582, 166.81666666669156, 166.85000000002492, 166.88333333335828, 166.91666666669164, 166.93333333335832, 166.96666666669168, 167.00000000002504, 167.01666666669172, 167.0333333333584, 167.06666666669176, 167.08333333335844, 167.10000000002512, 167.13333333335848, 167.15000000002516, 167.16666666669184, 167.18333333335852, 167.2000000000252, 167.21666666669188, 167.23333333335856, 167.25000000002524, 167.26666666669192, 167.2833333333586, 167.30000000002528, 167.31666666669196, 167.33333333335864, 167.35000000002532, 167.366666666692, 167.38333333335868, 167.40000000002536, 167.41666666669204, 167.43333333335872, 167.4500000000254, 167.46666666669208, 167.48333333335876, 167.50000000002544, 167.51666666669212, 167.5333333333588, 167.55000000002548, 167.56666666669216, 167.58333333335884, 167.60000000002552, 167.6166666666922, 167.63333333335888, 167.65000000002556, 167.66666666669224, 167.68333333335892, 167.7000000000256, 167.71666666669228, 167.73333333335896, 167.75000000002564, 167.76666666669232, 167.783333333359, 167.80000000002568, 167.81666666669236, 167.83333333335904, 167.85000000002572, 167.8666666666924, 167.88333333335908, 167.90000000002576, 169.56666666669375, 170.56666666669454, 171.56666666669534, 172.56666666669614, 172.95000000002977, 173.1833333333633, 173.3500000000301, 173.48333333336353, 173.5833333333636, 173.6833333333637, 173.7500000000304, 173.81666666669713, 173.88333333336385, 173.95000000003057, 174.0000000000306, 174.05000000003065, 174.083333333364, 174.13333333336405, 174.1666666666974, 174.20000000003077, 174.23333333336413, 174.2666666666975, 174.30000000003085, 174.3333333333642, 174.3500000000309, 174.38333333336425, 174.4166666666976, 174.4333333333643, 174.45000000003097, 174.48333333336433, 174.500000000031, 174.5166666666977, 174.55000000003105, 174.56666666669773, 174.5833333333644, 174.6000000000311, 174.61666666669777, 174.63333333336445, 174.65000000003113, 174.6666666666978, 174.6833333333645, 174.70000000003117, 174.71666666669785, 174.73333333336453, 174.7500000000312, 174.7666666666979, 174.78333333336457, 174.80000000003125, 174.81666666669793, 174.8333333333646, 174.8500000000313, 174.86666666669797, 174.88333333336465, 174.90000000003133, 174.916666666698, 174.9333333333647, 174.95000000003137, 174.96666666669805, 174.98333333336473, 175.0000000000314, 175.0166666666981, 175.03333333336477, 175.05000000003145, 175.06666666669813, 175.0833333333648, 175.10000000003149, 175.11666666669817, 175.13333333336485, 175.15000000003153, 175.1666666666982, 175.18333333336489, 175.20000000003157, 175.21666666669825, 175.23333333336493, 175.2500000000316, 175.26666666669828, 175.28333333336496, 175.30000000003164, 175.31666666669832, 175.333333333365, 175.35000000003168, 175.36666666669836, 175.38333333336504, 175.40000000003172, 175.4166666666984, 175.43333333336508, 175.45000000003176, 175.46666666669844, 175.48333333336512, 175.5000000000318, 175.51666666669848, 175.53333333336516, 175.55000000003184, 175.56666666669852, 175.5833333333652, 175.60000000003188, 175.61666666669856, 175.63333333336524, 175.65000000003192, 175.6666666666986, 175.68333333336528, 175.70000000003196, 175.71666666669864, 175.73333333336532, 175.750000000032, 175.76666666669868, 175.78333333336536, 175.80000000003204, 175.81666666669872, 175.8333333333654, 175.85000000003208, 175.86666666669876, 175.88333333336544, 175.90000000003212, 175.9166666666988, 175.93333333336548, 175.95000000003216, 175.96666666669884, 175.98333333336552, 176.0000000000322, 176.01666666669888, 176.03333333336556, 176.05000000003224, 176.06666666669892, 176.0833333333656, 176.10000000003228, 176.11666666669896, 176.13333333336564, 176.15000000003232, 176.166666666699, 176.18333333336568, 176.20000000003236, 176.21666666669904, 176.23333333336572, 176.2500000000324, 176.26666666669908, 176.28333333336576, 176.30000000003244, 176.31666666669912, 176.3333333333658, 176.35000000003248, 176.36666666669916, 176.38333333336584, 176.40000000003252, 176.4166666666992, 176.43333333336588, 176.45000000003256, 176.46666666669924, 176.48333333336592, 176.5000000000326, 176.51666666669928, 176.53333333336596, 176.55000000003264, 176.56666666669932, 176.583333333366, 176.60000000003268, 176.61666666669936, 176.63333333336604, 176.65000000003272, 176.6666666666994, 176.68333333336608, 176.70000000003276, 176.71666666669944, 176.73333333336612, 176.7500000000328, 176.76666666669948, 176.78333333336616, 176.80000000003284, 176.81666666669952, 176.8333333333662, 176.85000000003288, 176.86666666669956, 176.88333333336624, 176.90000000003292, 176.9166666666996, 176.93333333336628, 176.95000000003296, 176.96666666669964, 176.98333333336632, 177.000000000033, 177.01666666669968, 177.03333333336636, 177.05000000003304, 177.06666666669972, 177.0833333333664, 177.10000000003308, 177.11666666669976, 177.13333333336644, 177.15000000003312, 177.1666666666998, 177.18333333336648, 177.20000000003316, 177.21666666669984, 177.23333333336652, 177.2500000000332, 177.26666666669988, 177.28333333336656, 177.30000000003324, 177.31666666669992, 177.3333333333666, 177.35000000003328, 177.36666666669996, 177.38333333336664, 177.40000000003332, 177.4166666667, 177.43333333336668, 177.45000000003336, 177.46666666670004, 177.48333333336672, 177.5000000000334, 177.51666666670008, 177.53333333336676, 177.55000000003344, 177.56666666670012, 177.5833333333668, 177.60000000003348, 177.61666666670016, 177.63333333336683, 177.65000000003351, 177.6666666667002, 177.68333333336687, 177.70000000003355, 177.71666666670023, 177.73333333336691, 177.7500000000336, 177.76666666670027, 177.78333333336695, 177.80000000003363, 177.8166666667003, 177.833333333367, 177.85000000003367, 177.86666666670035, 177.88333333336703, 177.9000000000337, 177.9166666667004, 177.93333333336707, 177.95000000003375, 177.96666666670043, 177.9833333333671, 178.0000000000338, 178.01666666670047, 178.03333333336715, 178.05000000003383, 178.0666666667005, 178.0833333333672, 178.10000000003387, 178.11666666670055, 178.13333333336723, 178.1500000000339, 178.1666666667006, 178.18333333336727, 178.20000000003395, 178.21666666670063, 178.2333333333673, 178.250000000034, 178.26666666670067, 178.28333333336735, 178.30000000003403, 178.3166666667007, 178.3333333333674, 178.35000000003407, 178.36666666670075, 178.38333333336743, 178.4000000000341, 178.4166666667008, 178.43333333336747, 178.45000000003415, 178.46666666670083, 178.4833333333675, 178.5000000000342, 178.51666666670087, 178.53333333336755, 178.55000000003423, 178.5666666667009, 178.5833333333676, 178.60000000003427, 178.61666666670095, 178.63333333336763, 178.6500000000343, 178.666666666701, 178.68333333336767, 178.70000000003435, 178.71666666670103, 178.7333333333677, 178.7500000000344, 178.76666666670107, 178.78333333336775, 178.80000000003443, 178.8166666667011, 178.8333333333678, 178.85000000003447, 178.86666666670115, 178.88333333336783, 178.9000000000345, 178.9166666667012, 178.93333333336787, 178.95000000003455, 178.96666666670123, 178.9833333333679, 179.0000000000346, 179.01666666670127, 179.03333333336795, 179.05000000003463, 179.0666666667013, 179.083333333368, 179.10000000003467, 179.11666666670135, 179.13333333336803, 179.1500000000347, 179.1666666667014, 179.18333333336807, 179.20000000003475, 179.21666666670143, 179.2333333333681, 179.2500000000348, 179.26666666670147, 179.28333333336815, 179.30000000003483, 179.3166666667015, 179.3333333333682, 179.35000000003487, 179.36666666670155, 179.38333333336823, 179.4000000000349, 179.4166666667016, 179.43333333336827, 179.45000000003495, 179.46666666670163, 179.4833333333683, 179.500000000035, 179.51666666670167, 179.53333333336835, 179.55000000003503, 179.5666666667017, 179.5833333333684, 179.60000000003507, 179.61666666670175, 179.63333333336843, 179.6500000000351, 179.6666666667018, 179.68333333336847, 179.70000000003515, 179.71666666670183, 179.7333333333685, 179.7500000000352, 179.76666666670187, 179.78333333336855, 179.80000000003523, 179.8166666667019, 179.83333333336859, 179.85000000003527, 179.86666666670195, 179.88333333336863, 179.9000000000353, 179.91666666670199, 179.93333333336867, 179.95000000003535, 179.96666666670203, 179.9833333333687]
MORIS_WINDOW index=0 start=0.000000000 end=12.350000000 shots=591 stack=30
MORIS_WINDOW index=1 start=12.350000000 end=38.366666667 shots=947 stack=29
MORIS_WINDOW index=2 start=38.366666667 end=64.366666667 shots=946 stack=29
MORIS_WINDOW index=3 start=64.366666667 end=90.366666667 shots=946 stack=30
MORIS_WINDOW index=4 start=90.366666667 end=116.366666667 shots=946 stack=29
MORIS_WINDOW index=5 start=116.366666667 end=141.916666667 shots=919 stack=29
MORIS_WINDOW index=6 start=141.916666667 end=167.916666667 shots=946 stack=29
Traceback (most recent call last):
  File "/home/runner/work/nikke-calc/nikke-calc/fast_engine/research/tmp_certified_baseline.py", line 63, in <module>
    main()
    ~~~~^^
  File "/home/runner/work/nikke-calc/nikke-calc/fast_engine/research/tmp_certified_baseline.py", line 57, in main
    assert abs(rel) < 1e-12, f"{name}: pre={old} post={value} rel={rel}"
           ^^^^^^^^^^^^^^^^
AssertionError: 컨트롤_미란다미하라: pre=2828580838.869534 post=2817688423.263301 rel=-0.00385084119094381
..............F....
======================================================================
FAIL: test_def55_near_tie_preserves_moris_order (fast_engine.tests.test_damage_moris_frame_timing.MorisFrameTimingTest.test_def55_near_tie_preserves_moris_order)
----------------------------------------------------------------------
Traceback (most recent call last):
  File "/home/runner/work/nikke-calc/nikke-calc/fast_engine/tests/test_damage_moris_frame_timing.py", line 85, in test_def55_near_tie_preserves_moris_order
    self.assertGreater(fast_margin, 0.0)
    ~~~~~~~~~~~~~~~~~~^^^^^^^^^^^^^^^^^^
AssertionError: -0.0012732627369900645 not greater than 0.0

----------------------------------------------------------------------
Ran 19 tests in 9.983s

FAILED (failures=1)
PUBLIC_ACCOUNTING teams=24 certified=2 gaps=22

ASUKA_STEP_OUTCOME=failure
CERTIFIED_STEP_OUTCOME=failure
FOCUSED_STEP_OUTCOME=failure
PUBLIC_STEP_OUTCOME=success
