===== VARIANT: baseline =====
MIHARA_WEAPON={"charge_time": 0.0, "control": {"cover": {"policy": "own_full_burst"}}, "core_acc_slope": 0.0, "core_base_diameter": 10.0, "core_dmg_mult": 200.0, "core_model_n": 2.55, "cover_during_delay": false, "damage_coeff": 5.57, "fire_mode": "auto_warmup", "fire_rate": 1.0, "fire_rate_max": 70.0, "full_charge_mult": 100.0, "is_clip": false, "max_ammo": 300, "muzzles": 1, "normal_hit_coeff": 1.0, "pellets": 1, "post_fire_delay": 0.0, "post_reload_delay": 0.0, "reload_start_delay": 0.0, "reload_time": 2.5, "warmup_bullets": 41.39917201655967, "warmup_cooldown_time": 1.0, "weapon_type": "MG"}
BREAKDOWN={"fast_normal": 257027540.89508572, "fast_skill": 1309912180.5306191, "fast_total": 1566939721.425705, "moris_normal": 257203997.0, "moris_skill": 1308113729.0, "moris_total": 1565317726.0, "normal_rel": -0.0006860550651328623, "skill_rel": 0.0013748434029463574, "total_rel": 0.0010362084315302944}
MORIS_CHAIN_STACK_CHANGES=[(3.7999999999999914, 10, 11), (4.466666666666656, 11, 12), (5.13333333333332, 12, 13), (5.799999999999985, 13, 14), (6.466666666666649, 14, 15), (7.133333333333313, 15, 16), (7.799999999999978, 16, 17), (8.466666666666667, 17, 18), (9.133333333333367, 18, 19), (9.800000000000066, 19, 20), (29.56666666666627, 10, 11), (30.233333333332897, 11, 12), (30.899999999999526, 12, 13), (31.566666666666155, 13, 14), (32.23333333333279, 14, 15), (32.899999999999416, 15, 16), (33.566666666666045, 16, 17), (34.23333333333267, 17, 18), (34.8999999999993, 18, 19), (35.56666666666593, 19, 20), (55.599999999998126, 10, 11), (56.266666666664754, 11, 12), (56.93333333333138, 12, 13), (57.59999999999801, 13, 14), (58.26666666666464, 14, 15), (58.93333333333127, 15, 16), (59.5999999999979, 16, 17), (60.26666666666453, 17, 18), (60.933333333331156, 18, 19), (61.599999999997785, 19, 20), (81.63333333332999, 10, 11), (82.29999999999661, 11, 12), (82.96666666666324, 12, 13), (83.63333333332987, 13, 14), (84.2999999999965, 14, 15), (84.96666666666313, 15, 16), (85.63333333332976, 16, 17), (86.29999999999639, 17, 18), (86.96666666666302, 18, 19), (87.63333333332965, 19, 20), (107.66666666666184, 10, 11), (108.33333333332847, 11, 12), (108.9999999999951, 12, 13), (109.66666666666173, 13, 14), (110.33333333332835, 14, 15), (110.99999999999498, 15, 16), (111.66666666666161, 16, 17), (112.33333333332824, 17, 18), (112.99999999999487, 18, 19), (113.6666666666615, 19, 20), (133.24999999999818, 10, 11), (133.91666666666538, 11, 12), (134.58333333333258, 12, 13), (135.24999999999977, 13, 14), (135.91666666666697, 14, 15), (136.58333333333417, 15, 16), (137.25000000000136, 16, 17), (137.91666666666856, 17, 18), (138.58333333333576, 18, 19), (139.25000000000296, 19, 20), (159.28333333335223, 10, 11), (159.95000000001943, 11, 12), (160.61666666668663, 12, 13), (161.28333333335382, 13, 14), (161.95000000002102, 14, 15), (162.61666666668822, 15, 16), (163.28333333335542, 16, 17), (163.9500000000226, 17, 18), (164.6166666666898, 18, 19), (165.283333333357, 19, 20)]
FAST_HIT40_BOUNDARIES=[(3.1261308869346185, 0, 40, 10.0, 10.0, 'stage:2', ()), (3.792797553601283, 40, 80, 10.0, 11.0, 'full_burst', ((97, '타이트', 'debuff_stack_add'),)), (4.4594642202679475, 80, 120, 11.0, 12.0, 'full_burst', ((97, '타이트', 'debuff_stack_add'),)), (5.126130886934612, 120, 160, 12.0, 13.0, 'full_burst', ((97, '타이트', 'debuff_stack_add'),)), (5.792797553601276, 160, 200, 13.0, 14.0, 'full_burst', ((97, '타이트', 'debuff_stack_add'),)), (6.45946422026794, 200, 240, 14.0, 15.0, 'full_burst', ((97, '타이트', 'debuff_stack_add'),)), (7.126130886934605, 240, 280, 15.0, 16.0, 'full_burst', ((97, '타이트', 'debuff_stack_add'),)), (7.792797553601269, 280, 320, 16.0, 17.0, 'full_burst', ((97, '타이트', 'debuff_stack_add'),)), (8.459464220267957, 320, 360, 17.0, 18.0, 'full_burst', ((97, '타이트', 'debuff_stack_add'),)), (9.126130886934657, 360, 400, 18.0, 19.0, 'full_burst', ((97, '타이트', 'debuff_stack_add'),)), (9.792797553601357, 400, 440, 19.0, 20.0, 'full_burst', ((97, '타이트', 'debuff_stack_add'),)), (10.459464220268057, 440, 480, 20.0, 20.0, 'full_burst', ((97, '타이트', 'debuff_stack_add'),)), (11.126130886934757, 480, 520, 20.0, 20.0, 'full_burst', ((97, '타이트', 'debuff_stack_add'),)), (11.792797553601456, 520, 560, 20.0, 20.0, 'full_burst', ((97, '타이트', 'debuff_stack_add'),)), (12.459464220268156, 560, 600, 20.0, 20.0, 'full_burst', ((97, '타이트', 'debuff_stack_add'),)), (13.126130886934856, 600, 640, 20.0, 20.0, 'full_burst', ((97, '타이트', 'debuff_stack_add'),)), (13.792797553601556, 640, 680, 20.0, 20.0, 'idle', ()), (26.40000000000035, 680, 720, 10.0, 10.0, 'idle', ()), (29.542797553601623, 720, 760, 10.0, 11.0, 'full_burst', ((97, '타이트', 'debuff_stack_add'),)), (30.209464220268252, 760, 800, 11.0, 12.0, 'full_burst', ((97, '타이트', 'debuff_stack_add'),)), (30.87613088693488, 800, 840, 12.0, 13.0, 'full_burst', ((97, '타이트', 'debuff_stack_add'),)), (31.54279755360151, 840, 880, 13.0, 14.0, 'full_burst', ((97, '타이트', 'debuff_stack_add'),)), (32.20946422026814, 880, 920, 14.0, 15.0, 'full_burst', ((97, '타이트', 'debuff_stack_add'),)), (32.87613088693477, 920, 960, 15.0, 16.0, 'full_burst', ((97, '타이트', 'debuff_stack_add'),)), (33.542797553601396, 960, 1000, 16.0, 17.0, 'full_burst', ((97, '타이트', 'debuff_stack_add'),)), (34.209464220268025, 1000, 1040, 17.0, 18.0, 'full_burst', ((97, '타이트', 'debuff_stack_add'),)), (34.876130886934654, 1040, 1080, 18.0, 19.0, 'full_burst', ((97, '타이트', 'debuff_stack_add'),)), (35.54279755360128, 1080, 1120, 19.0, 20.0, 'full_burst', ((97, '타이트', 'debuff_stack_add'),)), (36.20946422026791, 1120, 1160, 20.0, 20.0, 'full_burst', ((97, '타이트', 'debuff_stack_add'),)), (36.87613088693454, 1160, 1200, 20.0, 20.0, 'full_burst', ((97, '타이트', 'debuff_stack_add'),)), (37.54279755360117, 1200, 1240, 20.0, 20.0, 'full_burst', ((97, '타이트', 'debuff_stack_add'),)), (38.2094642202678, 1240, 1280, 20.0, 20.0, 'full_burst', ((97, '타이트', 'debuff_stack_add'),)), (38.876130886934426, 1280, 1320, 20.0, 20.0, 'full_burst', ((97, '타이트', 'debuff_stack_add'),)), (39.542797553601055, 1320, 1360, 20.0, 20.0, 'idle', ()), (40.209464220267684, 1360, 1400, 20.0, 20.0, 'idle', ()), (53.77499531255747, 1400, 1440, 10.0, 10.0, 'idle', ()), (55.57613088693348, 1440, 1480, 10.0, 11.0, 'full_burst', ((97, '타이트', 'debuff_stack_add'),)), (56.242797553600106, 1480, 1520, 11.0, 12.0, 'full_burst', ((97, '타이트', 'debuff_stack_add'),)), (56.909464220266734, 1520, 1560, 12.0, 13.0, 'full_burst', ((97, '타이트', 'debuff_stack_add'),)), (57.57613088693336, 1560, 1600, 13.0, 14.0, 'full_burst', ((97, '타이트', 'debuff_stack_add'),)), (58.24279755359999, 1600, 1640, 14.0, 15.0, 'full_burst', ((97, '타이트', 'debuff_stack_add'),)), (58.90946422026662, 1640, 1680, 15.0, 16.0, 'full_burst', ((97, '타이트', 'debuff_stack_add'),)), (59.57613088693325, 1680, 1720, 16.0, 17.0, 'full_burst', ((97, '타이트', 'debuff_stack_add'),)), (60.24279755359988, 1720, 1760, 17.0, 18.0, 'full_burst', ((97, '타이트', 'debuff_stack_add'),)), (60.90946422026651, 1760, 1800, 18.0, 19.0, 'full_burst', ((97, '타이트', 'debuff_stack_add'),)), (61.576130886933136, 1800, 1840, 19.0, 20.0, 'full_burst', ((97, '타이트', 'debuff_stack_add'),)), (62.242797553599765, 1840, 1880, 20.0, 20.0, 'full_burst', ((97, '타이트', 'debuff_stack_add'),)), (62.90946422026639, 1880, 1920, 20.0, 20.0, 'full_burst', ((97, '타이트', 'debuff_stack_add'),)), (63.57613088693302, 1920, 1960, 20.0, 20.0, 'full_burst', ((97, '타이트', 'debuff_stack_add'),)), (64.24279755359966, 1960, 2000, 20.0, 20.0, 'full_burst', ((97, '타이트', 'debuff_stack_add'),)), (64.90946422026629, 2000, 2040, 20.0, 20.0, 'full_burst', ((97, '타이트', 'debuff_stack_add'),)), (65.57613088693292, 2040, 2080, 20.0, 20.0, 'idle', ()), (66.24279755359954, 2080, 2120, 20.0, 20.0, 'idle', ()), (80.17242488201919, 2120, 2160, 10.0, 10.0, 'idle', ()), (81.60946422026538, 2160, 2200, 10.0, 11.0, 'full_burst', ((97, '타이트', 'debuff_stack_add'),)), (82.27613088693201, 2200, 2240, 11.0, 12.0, 'full_burst', ((97, '타이트', 'debuff_stack_add'),)), (82.94279755359864, 2240, 2280, 12.0, 13.0, 'full_burst', ((97, '타이트', 'debuff_stack_add'),)), (83.60946422026527, 2280, 2320, 13.0, 14.0, 'full_burst', ((97, '타이트', 'debuff_stack_add'),)), (84.2761308869319, 2320, 2360, 14.0, 15.0, 'full_burst', ((97, '타이트', 'debuff_stack_add'),)), (84.94279755359852, 2360, 2400, 15.0, 16.0, 'full_burst', ((97, '타이트', 'debuff_stack_add'),)), (85.60946422026515, 2400, 2440, 16.0, 17.0, 'full_burst', ((97, '타이트', 'debuff_stack_add'),)), (86.27613088693178, 2440, 2480, 17.0, 18.0, 'full_burst', ((97, '타이트', 'debuff_stack_add'),)), (86.94279755359841, 2480, 2520, 18.0, 19.0, 'full_burst', ((97, '타이트', 'debuff_stack_add'),)), (87.60946422026504, 2520, 2560, 19.0, 20.0, 'full_burst', ((97, '타이트', 'debuff_stack_add'),)), (88.27613088693167, 2560, 2600, 20.0, 20.0, 'full_burst', ((97, '타이트', 'debuff_stack_add'),)), (88.9427975535983, 2600, 2640, 20.0, 20.0, 'full_burst', ((97, '타이트', 'debuff_stack_add'),)), (89.60946422026493, 2640, 2680, 20.0, 20.0, 'full_burst', ((97, '타이트', 'debuff_stack_add'),)), (90.27613088693155, 2680, 2720, 20.0, 20.0, 'full_burst', ((97, '타이트', 'debuff_stack_add'),)), (90.94279755359818, 2720, 2760, 20.0, 20.0, 'full_burst', ((97, '타이트', 'debuff_stack_add'),)), (91.60946422026481, 2760, 2800, 20.0, 20.0, 'idle', ()), (92.27613088693144, 2800, 2840, 20.0, 20.0, 'idle', ()), (106.40999834014657, 2840, 2880, 10.0, 10.0, 'stage:1', ()), (107.64279755359723, 2880, 2920, 10.0, 11.0, 'full_burst', ((97, '타이트', 'debuff_stack_add'),)), (108.30946422026386, 2920, 2960, 11.0, 12.0, 'full_burst', ((97, '타이트', 'debuff_stack_add'),)), (108.97613088693049, 2960, 3000, 12.0, 13.0, 'full_burst', ((97, '타이트', 'debuff_stack_add'),)), (109.64279755359712, 3000, 3040, 13.0, 14.0, 'full_burst', ((97, '타이트', 'debuff_stack_add'),)), (110.30946422026375, 3040, 3080, 14.0, 15.0, 'full_burst', ((97, '타이트', 'debuff_stack_add'),)), (110.97613088693038, 3080, 3120, 15.0, 16.0, 'full_burst', ((97, '타이트', 'debuff_stack_add'),)), (111.642797553597, 3120, 3160, 16.0, 17.0, 'full_burst', ((97, '타이트', 'debuff_stack_add'),)), (112.30946422026364, 3160, 3200, 17.0, 18.0, 'full_burst', ((97, '타이트', 'debuff_stack_add'),)), (112.97613088693026, 3200, 3240, 18.0, 19.0, 'full_burst', ((97, '타이트', 'debuff_stack_add'),)), (113.64279755359689, 3240, 3280, 19.0, 20.0, 'full_burst', ((97, '타이트', 'debuff_stack_add'),)), (114.30946422026352, 3280, 3320, 20.0, 20.0, 'full_burst', ((97, '타이트', 'debuff_stack_add'),)), (114.97613088693015, 3320, 3360, 20.0, 20.0, 'full_burst', ((97, '타이트', 'debuff_stack_add'),)), (115.64279755359678, 3360, 3400, 20.0, 20.0, 'full_burst', ((97, '타이트', 'debuff_stack_add'),)), (116.30946422026341, 3400, 3440, 20.0, 20.0, 'full_burst', ((97, '타이트', 'debuff_stack_add'),)), (116.97613088693004, 3440, 3480, 20.0, 20.0, 'full_burst', ((97, '타이트', 'debuff_stack_add'),)), (117.64279755359667, 3480, 3520, 20.0, 20.0, 'idle', ()), (118.3094642202633, 3520, 3560, 20.0, 20.0, 'idle', ()), (132.12985169234585, 3560, 3600, 10.0, 10.0, 'stage:2', ()), (133.2261308869292, 3600, 3640, 10.0, 11.0, 'full_burst', ((97, '타이트', 'debuff_stack_add'),)), (133.8927975535964, 3640, 3680, 11.0, 12.0, 'full_burst', ((97, '타이트', 'debuff_stack_add'),)), (134.5594642202636, 3680, 3720, 12.0, 13.0, 'full_burst', ((97, '타이트', 'debuff_stack_add'),)), (135.2261308869308, 3720, 3760, 13.0, 14.0, 'full_burst', ((97, '타이트', 'debuff_stack_add'),)), (135.892797553598, 3760, 3800, 14.0, 15.0, 'full_burst', ((97, '타이트', 'debuff_stack_add'),)), (136.5594642202652, 3800, 3840, 15.0, 16.0, 'full_burst', ((97, '타이트', 'debuff_stack_add'),)), (137.2261308869324, 3840, 3880, 16.0, 17.0, 'full_burst', ((97, '타이트', 'debuff_stack_add'),)), (137.8927975535996, 3880, 3920, 17.0, 18.0, 'full_burst', ((97, '타이트', 'debuff_stack_add'),)), (138.5594642202668, 3920, 3960, 18.0, 19.0, 'full_burst', ((97, '타이트', 'debuff_stack_add'),)), (139.226130886934, 3960, 4000, 19.0, 20.0, 'full_burst', ((97, '타이트', 'debuff_stack_add'),)), (139.89279755360118, 4000, 4040, 20.0, 20.0, 'full_burst', ((97, '타이트', 'debuff_stack_add'),)), (140.55946422026838, 4040, 4080, 20.0, 20.0, 'full_burst', ((97, '타이트', 'debuff_stack_add'),)), (141.22613088693558, 4080, 4120, 20.0, 20.0, 'full_burst', ((97, '타이트', 'debuff_stack_add'),)), (141.89279755360278, 4120, 4160, 20.0, 20.0, 'full_burst', ((97, '타이트', 'debuff_stack_add'),)), (142.55946422026997, 4160, 4200, 20.0, 20.0, 'full_burst', ((97, '타이트', 'debuff_stack_add'),)), (143.22613088693717, 4200, 4240, 20.0, 20.0, 'idle', ()), (143.89279755360437, 4240, 4280, 20.0, 20.0, 'idle', ()), (158.26211666439232, 4280, 4320, 10.0, 10.0, 'stage:2', ()), (159.25946422027639, 4320, 4360, 10.0, 11.0, 'full_burst', ((97, '타이트', 'debuff_stack_add'),)), (159.92613088694358, 4360, 4400, 11.0, 12.0, 'full_burst', ((97, '타이트', 'debuff_stack_add'),)), (160.59279755361078, 4400, 4440, 12.0, 13.0, 'full_burst', ((97, '타이트', 'debuff_stack_add'),)), (161.25946422027798, 4440, 4480, 13.0, 14.0, 'full_burst', ((97, '타이트', 'debuff_stack_add'),)), (161.92613088694517, 4480, 4520, 14.0, 15.0, 'full_burst', ((97, '타이트', 'debuff_stack_add'),)), (162.59279755361237, 4520, 4560, 15.0, 16.0, 'full_burst', ((97, '타이트', 'debuff_stack_add'),)), (163.25946422027957, 4560, 4600, 16.0, 17.0, 'full_burst', ((97, '타이트', 'debuff_stack_add'),)), (163.92613088694677, 4600, 4640, 17.0, 18.0, 'full_burst', ((97, '타이트', 'debuff_stack_add'),)), (164.59279755361396, 4640, 4680, 18.0, 19.0, 'full_burst', ((97, '타이트', 'debuff_stack_add'),)), (165.25946422028116, 4680, 4720, 19.0, 20.0, 'full_burst', ((97, '타이트', 'debuff_stack_add'),)), (165.92613088694836, 4720, 4760, 20.0, 20.0, 'full_burst', ((97, '타이트', 'debuff_stack_add'),)), (166.59279755361555, 4760, 4800, 20.0, 20.0, 'full_burst', ((97, '타이트', 'debuff_stack_add'),)), (167.25946422028275, 4800, 4840, 20.0, 20.0, 'full_burst', ((97, '타이트', 'debuff_stack_add'),)), (167.92613088694995, 4840, 4880, 20.0, 20.0, 'full_burst', ((97, '타이트', 'debuff_stack_add'),)), (168.59279755361715, 4880, 4920, 20.0, 20.0, 'full_burst', ((97, '타이트', 'debuff_stack_add'),)), (169.25946422028434, 4920, 4960, 20.0, 20.0, 'idle', ()), (169.92613088695154, 4960, 5000, 20.0, 20.0, 'idle', ())]

===== VARIANT: phase_guard_only =====
MIHARA_WEAPON={"charge_time": 0.0, "control": {"cover": {"policy": "own_full_burst"}}, "core_acc_slope": 0.0, "core_base_diameter": 10.0, "core_dmg_mult": 200.0, "core_model_n": 2.55, "cover_during_delay": false, "damage_coeff": 5.57, "fire_mode": "auto_warmup", "fire_rate": 1.0, "fire_rate_max": 70.0, "full_charge_mult": 100.0, "is_clip": false, "max_ammo": 300, "muzzles": 1, "normal_hit_coeff": 1.0, "pellets": 1, "post_fire_delay": 0.0, "post_reload_delay": 0.0, "reload_start_delay": 0.0, "reload_time": 2.5, "warmup_bullets": 41.39917201655967, "warmup_cooldown_time": 1.0, "weapon_type": "MG"}
BREAKDOWN={"fast_normal": 257027035.24421075, "fast_skill": 1301871986.4029953, "fast_total": 1558899021.647206, "moris_normal": 257203997.0, "moris_skill": 1308113729.0, "moris_total": 1565317726.0, "normal_rel": -0.0006880210177653279, "skill_rel": -0.004771559581272955, "total_rel": -0.004100576033976289}
MORIS_CHAIN_STACK_CHANGES=[(3.7999999999999914, 10, 11), (4.466666666666656, 11, 12), (5.13333333333332, 12, 13), (5.799999999999985, 13, 14), (6.466666666666649, 14, 15), (7.133333333333313, 15, 16), (7.799999999999978, 16, 17), (8.466666666666667, 17, 18), (9.133333333333367, 18, 19), (9.800000000000066, 19, 20), (29.56666666666627, 10, 11), (30.233333333332897, 11, 12), (30.899999999999526, 12, 13), (31.566666666666155, 13, 14), (32.23333333333279, 14, 15), (32.899999999999416, 15, 16), (33.566666666666045, 16, 17), (34.23333333333267, 17, 18), (34.8999999999993, 18, 19), (35.56666666666593, 19, 20), (55.599999999998126, 10, 11), (56.266666666664754, 11, 12), (56.93333333333138, 12, 13), (57.59999999999801, 13, 14), (58.26666666666464, 14, 15), (58.93333333333127, 15, 16), (59.5999999999979, 16, 17), (60.26666666666453, 17, 18), (60.933333333331156, 18, 19), (61.599999999997785, 19, 20), (81.63333333332999, 10, 11), (82.29999999999661, 11, 12), (82.96666666666324, 12, 13), (83.63333333332987, 13, 14), (84.2999999999965, 14, 15), (84.96666666666313, 15, 16), (85.63333333332976, 16, 17), (86.29999999999639, 17, 18), (86.96666666666302, 18, 19), (87.63333333332965, 19, 20), (107.66666666666184, 10, 11), (108.33333333332847, 11, 12), (108.9999999999951, 12, 13), (109.66666666666173, 13, 14), (110.33333333332835, 14, 15), (110.99999999999498, 15, 16), (111.66666666666161, 16, 17), (112.33333333332824, 17, 18), (112.99999999999487, 18, 19), (113.6666666666615, 19, 20), (133.24999999999818, 10, 11), (133.91666666666538, 11, 12), (134.58333333333258, 12, 13), (135.24999999999977, 13, 14), (135.91666666666697, 14, 15), (136.58333333333417, 15, 16), (137.25000000000136, 16, 17), (137.91666666666856, 17, 18), (138.58333333333576, 18, 19), (139.25000000000296, 19, 20), (159.28333333335223, 10, 11), (159.95000000001943, 11, 12), (160.61666666668663, 12, 13), (161.28333333335382, 13, 14), (161.95000000002102, 14, 15), (162.61666666668822, 15, 16), (163.28333333335542, 16, 17), (163.9500000000226, 17, 18), (164.6166666666898, 18, 19), (165.283333333357, 19, 20)]
FAST_HIT40_BOUNDARIES=[(3.1261308869346185, 0, 40, 10.0, 10.0, 'stage:2', ()), (3.792797553601283, 40, 80, 10.0, 11.0, 'full_burst', ((97, '타이트', 'debuff_stack_add'),)), (4.4594642202679475, 80, 120, 11.0, 12.0, 'full_burst', ((97, '타이트', 'debuff_stack_add'),)), (5.126130886934612, 120, 160, 12.0, 13.0, 'full_burst', ((97, '타이트', 'debuff_stack_add'),)), (5.792797553601276, 160, 200, 13.0, 14.0, 'full_burst', ((97, '타이트', 'debuff_stack_add'),)), (6.45946422026794, 200, 240, 14.0, 15.0, 'full_burst', ((97, '타이트', 'debuff_stack_add'),)), (7.126130886934605, 240, 280, 15.0, 16.0, 'full_burst', ((97, '타이트', 'debuff_stack_add'),)), (7.792797553601269, 280, 320, 16.0, 17.0, 'full_burst', ((97, '타이트', 'debuff_stack_add'),)), (8.459464220267957, 320, 360, 17.0, 18.0, 'full_burst', ((97, '타이트', 'debuff_stack_add'),)), (9.126130886934657, 360, 400, 18.0, 19.0, 'full_burst', ((97, '타이트', 'debuff_stack_add'),)), (9.792797553601357, 400, 440, 19.0, 20.0, 'full_burst', ((97, '타이트', 'debuff_stack_add'),)), (10.459464220268057, 440, 480, 20.0, 20.0, 'full_burst', ((97, '타이트', 'debuff_stack_add'),)), (11.126130886934757, 480, 520, 20.0, 20.0, 'full_burst', ((97, '타이트', 'debuff_stack_add'),)), (11.792797553601456, 520, 560, 20.0, 20.0, 'full_burst', ((97, '타이트', 'debuff_stack_add'),)), (12.459464220268156, 560, 600, 20.0, 20.0, 'full_burst', ((97, '타이트', 'debuff_stack_add'),)), (13.126130886934856, 600, 640, 20.0, 20.0, 'full_burst', ((97, '타이트', 'debuff_stack_add'),)), (13.792797553601556, 640, 680, 20.0, 20.0, 'idle', ()), (26.40000000000035, 680, 720, 10.0, 10.0, 'idle', ()), (29.542797553601623, 720, 760, 10.0, 11.0, 'full_burst', ((97, '타이트', 'debuff_stack_add'),)), (30.209464220268252, 760, 800, 11.0, 12.0, 'full_burst', ((97, '타이트', 'debuff_stack_add'),)), (30.87613088693488, 800, 840, 12.0, 13.0, 'full_burst', ((97, '타이트', 'debuff_stack_add'),)), (31.54279755360151, 840, 880, 13.0, 14.0, 'full_burst', ((97, '타이트', 'debuff_stack_add'),)), (32.20946422026814, 880, 920, 14.0, 15.0, 'full_burst', ((97, '타이트', 'debuff_stack_add'),)), (32.87613088693477, 920, 960, 15.0, 16.0, 'full_burst', ((97, '타이트', 'debuff_stack_add'),)), (33.542797553601396, 960, 1000, 16.0, 17.0, 'full_burst', ((97, '타이트', 'debuff_stack_add'),)), (34.209464220268025, 1000, 1040, 17.0, 18.0, 'full_burst', ((97, '타이트', 'debuff_stack_add'),)), (34.876130886934654, 1040, 1080, 18.0, 19.0, 'full_burst', ((97, '타이트', 'debuff_stack_add'),)), (35.54279755360128, 1080, 1120, 19.0, 20.0, 'full_burst', ((97, '타이트', 'debuff_stack_add'),)), (36.20946422026791, 1120, 1160, 20.0, 20.0, 'full_burst', ((97, '타이트', 'debuff_stack_add'),)), (36.87613088693454, 1160, 1200, 20.0, 20.0, 'full_burst', ((97, '타이트', 'debuff_stack_add'),)), (37.54279755360117, 1200, 1240, 20.0, 20.0, 'full_burst', ((97, '타이트', 'debuff_stack_add'),)), (38.2094642202678, 1240, 1280, 20.0, 20.0, 'full_burst', ((97, '타이트', 'debuff_stack_add'),)), (38.876130886934426, 1280, 1320, 20.0, 20.0, 'full_burst', ((97, '타이트', 'debuff_stack_add'),)), (39.542797553601055, 1320, 1360, 20.0, 20.0, 'idle', ()), (40.209464220267684, 1360, 1400, 20.0, 20.0, 'idle', ()), (53.77499531255747, 1400, 1440, 10.0, 10.0, 'idle', ()), (55.57613088693348, 1440, 1480, 10.0, 11.0, 'full_burst', ((97, '타이트', 'debuff_stack_add'),)), (56.242797553600106, 1480, 1520, 11.0, 12.0, 'full_burst', ((97, '타이트', 'debuff_stack_add'),)), (56.909464220266734, 1520, 1560, 12.0, 13.0, 'full_burst', ((97, '타이트', 'debuff_stack_add'),)), (57.57613088693336, 1560, 1600, 13.0, 14.0, 'full_burst', ((97, '타이트', 'debuff_stack_add'),)), (58.24279755359999, 1600, 1640, 14.0, 15.0, 'full_burst', ((97, '타이트', 'debuff_stack_add'),)), (58.90946422026662, 1640, 1680, 15.0, 16.0, 'full_burst', ((97, '타이트', 'debuff_stack_add'),)), (59.57613088693325, 1680, 1720, 16.0, 17.0, 'full_burst', ((97, '타이트', 'debuff_stack_add'),)), (60.24279755359988, 1720, 1760, 17.0, 18.0, 'full_burst', ((97, '타이트', 'debuff_stack_add'),)), (60.90946422026651, 1760, 1800, 18.0, 19.0, 'full_burst', ((97, '타이트', 'debuff_stack_add'),)), (61.576130886933136, 1800, 1840, 19.0, 20.0, 'full_burst', ((97, '타이트', 'debuff_stack_add'),)), (62.242797553599765, 1840, 1880, 20.0, 20.0, 'full_burst', ((97, '타이트', 'debuff_stack_add'),)), (62.90946422026639, 1880, 1920, 20.0, 20.0, 'full_burst', ((97, '타이트', 'debuff_stack_add'),)), (63.57613088693302, 1920, 1960, 20.0, 20.0, 'full_burst', ((97, '타이트', 'debuff_stack_add'),)), (64.24279755359966, 1960, 2000, 20.0, 20.0, 'full_burst', ((97, '타이트', 'debuff_stack_add'),)), (64.90946422026629, 2000, 2040, 20.0, 20.0, 'full_burst', ((97, '타이트', 'debuff_stack_add'),)), (65.57613088693292, 2040, 2080, 20.0, 20.0, 'idle', ()), (66.24279755359954, 2080, 2120, 20.0, 20.0, 'idle', ()), (80.17242488201919, 2120, 2160, 10.0, 10.0, 'idle', ()), (81.60946422026538, 2160, 2200, 10.0, 11.0, 'full_burst', ((97, '타이트', 'debuff_stack_add'),)), (82.27613088693201, 2200, 2240, 11.0, 12.0, 'full_burst', ((97, '타이트', 'debuff_stack_add'),)), (82.94279755359864, 2240, 2280, 12.0, 13.0, 'full_burst', ((97, '타이트', 'debuff_stack_add'),)), (83.60946422026527, 2280, 2320, 13.0, 14.0, 'full_burst', ((97, '타이트', 'debuff_stack_add'),)), (84.2761308869319, 2320, 2360, 14.0, 15.0, 'full_burst', ((97, '타이트', 'debuff_stack_add'),)), (84.94279755359852, 2360, 2400, 15.0, 16.0, 'full_burst', ((97, '타이트', 'debuff_stack_add'),)), (85.60946422026515, 2400, 2440, 16.0, 17.0, 'full_burst', ((97, '타이트', 'debuff_stack_add'),)), (86.27613088693178, 2440, 2480, 17.0, 18.0, 'full_burst', ((97, '타이트', 'debuff_stack_add'),)), (86.94279755359841, 2480, 2520, 18.0, 19.0, 'full_burst', ((97, '타이트', 'debuff_stack_add'),)), (87.60946422026504, 2520, 2560, 19.0, 20.0, 'full_burst', ((97, '타이트', 'debuff_stack_add'),)), (88.27613088693167, 2560, 2600, 20.0, 20.0, 'full_burst', ((97, '타이트', 'debuff_stack_add'),)), (88.9427975535983, 2600, 2640, 20.0, 20.0, 'full_burst', ((97, '타이트', 'debuff_stack_add'),)), (89.60946422026493, 2640, 2680, 20.0, 20.0, 'full_burst', ((97, '타이트', 'debuff_stack_add'),)), (90.27613088693155, 2680, 2720, 20.0, 20.0, 'full_burst', ((97, '타이트', 'debuff_stack_add'),)), (90.94279755359818, 2720, 2760, 20.0, 20.0, 'full_burst', ((97, '타이트', 'debuff_stack_add'),)), (91.60946422026481, 2760, 2800, 20.0, 20.0, 'idle', ()), (92.27613088693144, 2800, 2840, 20.0, 20.0, 'idle', ()), (106.40999834014657, 2840, 2880, 10.0, 10.0, 'stage:1', ()), (107.64279755359723, 2880, 2920, 10.0, 11.0, 'full_burst', ((97, '타이트', 'debuff_stack_add'),)), (108.30946422026386, 2920, 2960, 11.0, 12.0, 'full_burst', ((97, '타이트', 'debuff_stack_add'),)), (108.97613088693049, 2960, 3000, 12.0, 13.0, 'full_burst', ((97, '타이트', 'debuff_stack_add'),)), (109.64279755359712, 3000, 3040, 13.0, 14.0, 'full_burst', ((97, '타이트', 'debuff_stack_add'),)), (110.30946422026375, 3040, 3080, 14.0, 15.0, 'full_burst', ((97, '타이트', 'debuff_stack_add'),)), (110.97613088693038, 3080, 3120, 15.0, 16.0, 'full_burst', ((97, '타이트', 'debuff_stack_add'),)), (111.642797553597, 3120, 3160, 16.0, 17.0, 'full_burst', ((97, '타이트', 'debuff_stack_add'),)), (112.30946422026364, 3160, 3200, 17.0, 18.0, 'full_burst', ((97, '타이트', 'debuff_stack_add'),)), (112.97613088693026, 3200, 3240, 18.0, 19.0, 'full_burst', ((97, '타이트', 'debuff_stack_add'),)), (113.64279755359689, 3240, 3280, 19.0, 20.0, 'full_burst', ((97, '타이트', 'debuff_stack_add'),)), (114.30946422026352, 3280, 3320, 20.0, 20.0, 'full_burst', ((97, '타이트', 'debuff_stack_add'),)), (114.97613088693015, 3320, 3360, 20.0, 20.0, 'full_burst', ((97, '타이트', 'debuff_stack_add'),)), (115.64279755359678, 3360, 3400, 20.0, 20.0, 'full_burst', ((97, '타이트', 'debuff_stack_add'),)), (116.30946422026341, 3400, 3440, 20.0, 20.0, 'full_burst', ((97, '타이트', 'debuff_stack_add'),)), (116.97613088693004, 3440, 3480, 20.0, 20.0, 'full_burst', ((97, '타이트', 'debuff_stack_add'),)), (117.64279755359667, 3480, 3520, 20.0, 20.0, 'idle', ()), (118.3094642202633, 3520, 3560, 20.0, 20.0, 'idle', ()), (132.1465183590125, 3560, 3600, 10.0, 10.0, 'stage:2', ()), (133.24279755359586, 3600, 3640, 10.0, 11.0, 'full_burst', ((97, '타이트', 'debuff_stack_add'),)), (133.90946422026306, 3640, 3680, 11.0, 12.0, 'full_burst', ((97, '타이트', 'debuff_stack_add'),)), (134.57613088693026, 3680, 3720, 12.0, 13.0, 'full_burst', ((97, '타이트', 'debuff_stack_add'),)), (135.24279755359746, 3720, 3760, 13.0, 14.0, 'full_burst', ((97, '타이트', 'debuff_stack_add'),)), (135.90946422026465, 3760, 3800, 14.0, 15.0, 'full_burst', ((97, '타이트', 'debuff_stack_add'),)), (136.57613088693185, 3800, 3840, 15.0, 16.0, 'full_burst', ((97, '타이트', 'debuff_stack_add'),)), (137.24279755359905, 3840, 3880, 16.0, 17.0, 'full_burst', ((97, '타이트', 'debuff_stack_add'),)), (137.90946422026624, 3880, 3920, 17.0, 18.0, 'full_burst', ((97, '타이트', 'debuff_stack_add'),)), (138.57613088693344, 3920, 3960, 18.0, 19.0, 'full_burst', ((97, '타이트', 'debuff_stack_add'),)), (139.24279755360064, 3960, 4000, 19.0, 20.0, 'full_burst', ((97, '타이트', 'debuff_stack_add'),)), (139.90946422026784, 4000, 4040, 20.0, 20.0, 'full_burst', ((97, '타이트', 'debuff_stack_add'),)), (140.57613088693503, 4040, 4080, 20.0, 20.0, 'full_burst', ((97, '타이트', 'debuff_stack_add'),)), (141.24279755360223, 4080, 4120, 20.0, 20.0, 'full_burst', ((97, '타이트', 'debuff_stack_add'),)), (141.90946422026943, 4120, 4160, 20.0, 20.0, 'full_burst', ((97, '타이트', 'debuff_stack_add'),)), (142.57613088693662, 4160, 4200, 20.0, 20.0, 'full_burst', ((97, '타이트', 'debuff_stack_add'),)), (143.24279755360382, 4200, 4240, 20.0, 20.0, 'idle', ()), (143.90946422027102, 4240, 4280, 20.0, 20.0, 'idle', ()), (158.278783331059, 4280, 4320, 10.0, 10.0, 'stage:2', ()), (159.27613088694306, 4320, 4360, 10.0, 11.0, 'full_burst', ((97, '타이트', 'debuff_stack_add'),)), (159.94279755361026, 4360, 4400, 11.0, 12.0, 'full_burst', ((97, '타이트', 'debuff_stack_add'),)), (160.60946422027746, 4400, 4440, 12.0, 13.0, 'full_burst', ((97, '타이트', 'debuff_stack_add'),)), (161.27613088694466, 4440, 4480, 13.0, 14.0, 'full_burst', ((97, '타이트', 'debuff_stack_add'),)), (161.94279755361185, 4480, 4520, 14.0, 15.0, 'full_burst', ((97, '타이트', 'debuff_stack_add'),)), (162.60946422027905, 4520, 4560, 15.0, 16.0, 'full_burst', ((97, '타이트', 'debuff_stack_add'),)), (163.27613088694625, 4560, 4600, 16.0, 17.0, 'full_burst', ((97, '타이트', 'debuff_stack_add'),)), (163.94279755361345, 4600, 4640, 17.0, 18.0, 'full_burst', ((97, '타이트', 'debuff_stack_add'),)), (164.60946422028064, 4640, 4680, 18.0, 19.0, 'full_burst', ((97, '타이트', 'debuff_stack_add'),)), (165.27613088694784, 4680, 4720, 19.0, 20.0, 'full_burst', ((97, '타이트', 'debuff_stack_add'),)), (165.94279755361504, 4720, 4760, 20.0, 20.0, 'full_burst', ((97, '타이트', 'debuff_stack_add'),)), (166.60946422028223, 4760, 4800, 20.0, 20.0, 'full_burst', ((97, '타이트', 'debuff_stack_add'),)), (167.27613088694943, 4800, 4840, 20.0, 20.0, 'full_burst', ((97, '타이트', 'debuff_stack_add'),)), (167.94279755361663, 4840, 4880, 20.0, 20.0, 'full_burst', ((97, '타이트', 'debuff_stack_add'),)), (168.60946422028383, 4880, 4920, 20.0, 20.0, 'full_burst', ((97, '타이트', 'debuff_stack_add'),)), (169.27613088695102, 4920, 4960, 20.0, 20.0, 'idle', ()), (169.94279755361822, 4960, 5000, 20.0, 20.0, 'idle', ())]

===== VARIANT: mg_v2_only =====
MIHARA_WEAPON={"charge_time": 0.0, "control": {"cover": {"policy": "own_full_burst"}}, "core_acc_slope": 0.0, "core_base_diameter": 10.0, "core_dmg_mult": 200.0, "core_model_n": 2.55, "cover_during_delay": false, "damage_coeff": 5.57, "fire_mode": "auto_warmup", "fire_rate": 1.0, "fire_rate_max": 70.0, "full_charge_mult": 100.0, "is_clip": false, "max_ammo": 300, "muzzles": 1, "normal_hit_coeff": 1.0, "pellets": 1, "post_fire_delay": 0.0, "post_reload_delay": 0.0, "reload_start_delay": 0.0, "reload_time": 2.5, "warmup_bullets": 41.39917201655967, "warmup_cooldown_time": 1.0, "weapon_type": "MG"}
BREAKDOWN={"fast_normal": 258887016.72138804, "fast_skill": 1298964160.7414608, "fast_total": 1557851177.462849, "moris_normal": 257203997.0, "moris_skill": 1308113729.0, "moris_total": 1565317726.0, "normal_rel": 0.0065435208667774525, "skill_rel": -0.0069944746054562135, "total_rel": -0.004769989129447261}
MORIS_CHAIN_STACK_CHANGES=[(3.7999999999999914, 10, 11), (4.466666666666656, 11, 12), (5.13333333333332, 12, 13), (5.799999999999985, 13, 14), (6.466666666666649, 14, 15), (7.133333333333313, 15, 16), (7.799999999999978, 16, 17), (8.466666666666667, 17, 18), (9.133333333333367, 18, 19), (9.800000000000066, 19, 20), (29.56666666666627, 10, 11), (30.233333333332897, 11, 12), (30.899999999999526, 12, 13), (31.566666666666155, 13, 14), (32.23333333333279, 14, 15), (32.899999999999416, 15, 16), (33.566666666666045, 16, 17), (34.23333333333267, 17, 18), (34.8999999999993, 18, 19), (35.56666666666593, 19, 20), (55.599999999998126, 10, 11), (56.266666666664754, 11, 12), (56.93333333333138, 12, 13), (57.59999999999801, 13, 14), (58.26666666666464, 14, 15), (58.93333333333127, 15, 16), (59.5999999999979, 16, 17), (60.26666666666453, 17, 18), (60.933333333331156, 18, 19), (61.599999999997785, 19, 20), (81.63333333332999, 10, 11), (82.29999999999661, 11, 12), (82.96666666666324, 12, 13), (83.63333333332987, 13, 14), (84.2999999999965, 14, 15), (84.96666666666313, 15, 16), (85.63333333332976, 16, 17), (86.29999999999639, 17, 18), (86.96666666666302, 18, 19), (87.63333333332965, 19, 20), (107.66666666666184, 10, 11), (108.33333333332847, 11, 12), (108.9999999999951, 12, 13), (109.66666666666173, 13, 14), (110.33333333332835, 14, 15), (110.99999999999498, 15, 16), (111.66666666666161, 16, 17), (112.33333333332824, 17, 18), (112.99999999999487, 18, 19), (113.6666666666615, 19, 20), (133.24999999999818, 10, 11), (133.91666666666538, 11, 12), (134.58333333333258, 12, 13), (135.24999999999977, 13, 14), (135.91666666666697, 14, 15), (136.58333333333417, 15, 16), (137.25000000000136, 16, 17), (137.91666666666856, 17, 18), (138.58333333333576, 18, 19), (139.25000000000296, 19, 20), (159.28333333335223, 10, 11), (159.95000000001943, 11, 12), (160.61666666668663, 12, 13), (161.28333333335382, 13, 14), (161.95000000002102, 14, 15), (162.61666666668822, 15, 16), (163.28333333335542, 16, 17), (163.9500000000226, 17, 18), (164.6166666666898, 18, 19), (165.283333333357, 19, 20)]
FAST_HIT40_BOUNDARIES=[(3.133333333333327, 0, 40, 10.0, 10.0, 'stage:2', ()), (3.7999999999999914, 40, 80, 10.0, 11.0, 'full_burst', ((97, '타이트', 'debuff_stack_add'),)), (4.466666666666656, 80, 120, 11.0, 12.0, 'full_burst', ((97, '타이트', 'debuff_stack_add'),)), (5.13333333333332, 120, 160, 12.0, 13.0, 'full_burst', ((97, '타이트', 'debuff_stack_add'),)), (5.799999999999985, 160, 200, 13.0, 14.0, 'full_burst', ((97, '타이트', 'debuff_stack_add'),)), (6.466666666666649, 200, 240, 14.0, 15.0, 'full_burst', ((97, '타이트', 'debuff_stack_add'),)), (7.133333333333313, 240, 280, 15.0, 16.0, 'full_burst', ((97, '타이트', 'debuff_stack_add'),)), (7.799999999999978, 280, 320, 16.0, 17.0, 'full_burst', ((97, '타이트', 'debuff_stack_add'),)), (8.466666666666667, 320, 360, 17.0, 18.0, 'full_burst', ((97, '타이트', 'debuff_stack_add'),)), (9.133333333333367, 360, 400, 18.0, 19.0, 'full_burst', ((97, '타이트', 'debuff_stack_add'),)), (9.800000000000066, 400, 440, 19.0, 20.0, 'full_burst', ((97, '타이트', 'debuff_stack_add'),)), (10.466666666666766, 440, 480, 20.0, 20.0, 'full_burst', ((97, '타이트', 'debuff_stack_add'),)), (11.133333333333466, 480, 520, 20.0, 20.0, 'full_burst', ((97, '타이트', 'debuff_stack_add'),)), (11.800000000000166, 520, 560, 20.0, 20.0, 'full_burst', ((97, '타이트', 'debuff_stack_add'),)), (12.466666666666866, 560, 600, 20.0, 20.0, 'full_burst', ((97, '타이트', 'debuff_stack_add'),)), (13.133333333333566, 600, 640, 20.0, 20.0, 'full_burst', ((97, '타이트', 'debuff_stack_add'),)), (13.800000000000265, 640, 680, 20.0, 20.0, 'idle', ()), (26.40000000000035, 680, 720, 10.0, 10.0, 'idle', ()), (28.54999999999966, 720, 760, 10.0, 10.0, 'stage:2', ()), (29.21666666666629, 760, 800, 10.0, 10.0, 'stage:3', ()), (29.883333333332917, 800, 840, 10.0, 11.0, 'full_burst', ((97, '타이트', 'debuff_stack_add'),)), (30.549999999999546, 840, 880, 11.0, 12.0, 'full_burst', ((97, '타이트', 'debuff_stack_add'),)), (31.216666666666175, 880, 920, 12.0, 13.0, 'full_burst', ((97, '타이트', 'debuff_stack_add'),)), (31.883333333332804, 920, 960, 13.0, 14.0, 'full_burst', ((97, '타이트', 'debuff_stack_add'),)), (32.549999999999436, 960, 1000, 14.0, 15.0, 'full_burst', ((97, '타이트', 'debuff_stack_add'),)), (33.216666666666065, 1000, 1040, 15.0, 16.0, 'full_burst', ((97, '타이트', 'debuff_stack_add'),)), (33.88333333333269, 1040, 1080, 16.0, 17.0, 'full_burst', ((97, '타이트', 'debuff_stack_add'),)), (34.54999999999932, 1080, 1120, 17.0, 18.0, 'full_burst', ((97, '타이트', 'debuff_stack_add'),)), (35.21666666666595, 1120, 1160, 18.0, 19.0, 'full_burst', ((97, '타이트', 'debuff_stack_add'),)), (35.88333333333258, 1160, 1200, 19.0, 20.0, 'full_burst', ((97, '타이트', 'debuff_stack_add'),)), (36.54999999999921, 1200, 1240, 20.0, 20.0, 'full_burst', ((97, '타이트', 'debuff_stack_add'),)), (37.21666666666584, 1240, 1280, 20.0, 20.0, 'full_burst', ((97, '타이트', 'debuff_stack_add'),)), (37.883333333332466, 1280, 1320, 20.0, 20.0, 'full_burst', ((97, '타이트', 'debuff_stack_add'),)), (38.549999999999095, 1320, 1360, 20.0, 20.0, 'full_burst', ((97, '타이트', 'debuff_stack_add'),)), (39.21666666666572, 1360, 1400, 20.0, 20.0, 'full_burst', ((97, '타이트', 'debuff_stack_add'),)), (52.41666666666497, 1400, 1440, 10.0, 10.0, 'idle', ()), (54.56666666666485, 1440, 1480, 10.0, 10.0, 'stage:2', ()), (55.23333333333148, 1480, 1520, 10.0, 10.0, 'stage:3', ()), (55.89999999999811, 1520, 1560, 10.0, 11.0, 'full_burst', ((97, '타이트', 'debuff_stack_add'),)), (56.56666666666474, 1560, 1600, 11.0, 12.0, 'full_burst', ((97, '타이트', 'debuff_stack_add'),)), (57.233333333331366, 1600, 1640, 12.0, 13.0, 'full_burst', ((97, '타이트', 'debuff_stack_add'),)), (57.899999999997995, 1640, 1680, 13.0, 14.0, 'full_burst', ((97, '타이트', 'debuff_stack_add'),)), (58.566666666664624, 1680, 1720, 14.0, 15.0, 'full_burst', ((97, '타이트', 'debuff_stack_add'),)), (59.23333333333125, 1720, 1760, 15.0, 16.0, 'full_burst', ((97, '타이트', 'debuff_stack_add'),)), (59.89999999999788, 1760, 1800, 16.0, 17.0, 'full_burst', ((97, '타이트', 'debuff_stack_add'),)), (60.56666666666451, 1800, 1840, 17.0, 18.0, 'full_burst', ((97, '타이트', 'debuff_stack_add'),)), (61.23333333333114, 1840, 1880, 18.0, 19.0, 'full_burst', ((97, '타이트', 'debuff_stack_add'),)), (61.89999999999777, 1880, 1920, 19.0, 20.0, 'full_burst', ((97, '타이트', 'debuff_stack_add'),)), (62.566666666664396, 1920, 1960, 20.0, 20.0, 'full_burst', ((97, '타이트', 'debuff_stack_add'),)), (63.233333333331025, 1960, 2000, 20.0, 20.0, 'full_burst', ((97, '타이트', 'debuff_stack_add'),)), (63.899999999997654, 2000, 2040, 20.0, 20.0, 'full_burst', ((97, '타이트', 'debuff_stack_add'),)), (64.56666666666429, 2040, 2080, 20.0, 20.0, 'full_burst', ((97, '타이트', 'debuff_stack_add'),)), (65.23333333333092, 2080, 2120, 20.0, 20.0, 'full_burst', ((97, '타이트', 'debuff_stack_add'),)), (78.78333333333015, 2120, 2160, 10.0, 10.0, 'idle', ()), (80.58333333333005, 2160, 2200, 10.0, 10.0, 'stage:2', ()), (81.24999999999667, 2200, 2240, 10.0, 10.0, 'stage:3', ()), (81.9166666666633, 2240, 2280, 10.0, 11.0, 'full_burst', ((97, '타이트', 'debuff_stack_add'),)), (82.58333333332993, 2280, 2320, 11.0, 12.0, 'full_burst', ((97, '타이트', 'debuff_stack_add'),)), (83.24999999999656, 2320, 2360, 12.0, 13.0, 'full_burst', ((97, '타이트', 'debuff_stack_add'),)), (83.91666666666319, 2360, 2400, 13.0, 14.0, 'full_burst', ((97, '타이트', 'debuff_stack_add'),)), (84.58333333332982, 2400, 2440, 14.0, 15.0, 'full_burst', ((97, '타이트', 'debuff_stack_add'),)), (85.24999999999645, 2440, 2480, 15.0, 16.0, 'full_burst', ((97, '타이트', 'debuff_stack_add'),)), (85.91666666666308, 2480, 2520, 16.0, 17.0, 'full_burst', ((97, '타이트', 'debuff_stack_add'),)), (86.5833333333297, 2520, 2560, 17.0, 18.0, 'full_burst', ((97, '타이트', 'debuff_stack_add'),)), (87.24999999999633, 2560, 2600, 18.0, 19.0, 'full_burst', ((97, '타이트', 'debuff_stack_add'),)), (87.91666666666296, 2600, 2640, 19.0, 20.0, 'full_burst', ((97, '타이트', 'debuff_stack_add'),)), (88.58333333332959, 2640, 2680, 20.0, 20.0, 'full_burst', ((97, '타이트', 'debuff_stack_add'),)), (89.24999999999622, 2680, 2720, 20.0, 20.0, 'full_burst', ((97, '타이트', 'debuff_stack_add'),)), (89.91666666666285, 2720, 2760, 20.0, 20.0, 'full_burst', ((97, '타이트', 'debuff_stack_add'),)), (90.58333333332948, 2760, 2800, 20.0, 20.0, 'full_burst', ((97, '타이트', 'debuff_stack_add'),)), (91.2499999999961, 2800, 2840, 20.0, 20.0, 'full_burst', ((97, '타이트', 'debuff_stack_add'),)), (105.01666666666199, 2840, 2880, 10.0, 10.0, 'idle', ()), (106.59999999999523, 2880, 2920, 10.0, 10.0, 'stage:2', ()), (107.26666666666186, 2920, 2960, 10.0, 10.0, 'stage:3', ()), (107.93333333332849, 2960, 3000, 10.0, 11.0, 'full_burst', ((97, '타이트', 'debuff_stack_add'),)), (108.59999999999512, 3000, 3040, 11.0, 12.0, 'full_burst', ((97, '타이트', 'debuff_stack_add'),)), (109.26666666666175, 3040, 3080, 12.0, 13.0, 'full_burst', ((97, '타이트', 'debuff_stack_add'),)), (109.93333333332838, 3080, 3120, 13.0, 14.0, 'full_burst', ((97, '타이트', 'debuff_stack_add'),)), (110.599999999995, 3120, 3160, 14.0, 15.0, 'full_burst', ((97, '타이트', 'debuff_stack_add'),)), (111.26666666666164, 3160, 3200, 15.0, 16.0, 'full_burst', ((97, '타이트', 'debuff_stack_add'),)), (111.93333333332826, 3200, 3240, 16.0, 17.0, 'full_burst', ((97, '타이트', 'debuff_stack_add'),)), (112.59999999999489, 3240, 3280, 17.0, 18.0, 'full_burst', ((97, '타이트', 'debuff_stack_add'),)), (113.26666666666152, 3280, 3320, 18.0, 19.0, 'full_burst', ((97, '타이트', 'debuff_stack_add'),)), (113.93333333332815, 3320, 3360, 19.0, 20.0, 'full_burst', ((97, '타이트', 'debuff_stack_add'),)), (114.59999999999478, 3360, 3400, 20.0, 20.0, 'full_burst', ((97, '타이트', 'debuff_stack_add'),)), (115.26666666666141, 3400, 3440, 20.0, 20.0, 'full_burst', ((97, '타이트', 'debuff_stack_add'),)), (115.93333333332804, 3440, 3480, 20.0, 20.0, 'full_burst', ((97, '타이트', 'debuff_stack_add'),)), (116.59999999999467, 3480, 3520, 20.0, 20.0, 'full_burst', ((97, '타이트', 'debuff_stack_add'),)), (117.2666666666613, 3520, 3560, 20.0, 20.0, 'full_burst', ((97, '타이트', 'debuff_stack_add'),)), (130.7333333333295, 3560, 3600, 10.0, 10.0, 'idle', ()), (132.16666666666399, 3600, 3640, 10.0, 10.0, 'stage:2', ()), (132.83333333333118, 3640, 3680, 10.0, 10.0, 'stage:3', ()), (133.49999999999838, 3680, 3720, 10.0, 11.0, 'full_burst', ((97, '타이트', 'debuff_stack_add'),)), (134.16666666666558, 3720, 3760, 11.0, 12.0, 'full_burst', ((97, '타이트', 'debuff_stack_add'),)), (134.83333333333277, 3760, 3800, 12.0, 13.0, 'full_burst', ((97, '타이트', 'debuff_stack_add'),)), (135.49999999999997, 3800, 3840, 13.0, 14.0, 'full_burst', ((97, '타이트', 'debuff_stack_add'),)), (136.16666666666717, 3840, 3880, 14.0, 15.0, 'full_burst', ((97, '타이트', 'debuff_stack_add'),)), (136.83333333333437, 3880, 3920, 15.0, 16.0, 'full_burst', ((97, '타이트', 'debuff_stack_add'),)), (137.50000000000156, 3920, 3960, 16.0, 17.0, 'full_burst', ((97, '타이트', 'debuff_stack_add'),)), (138.16666666666876, 3960, 4000, 17.0, 18.0, 'full_burst', ((97, '타이트', 'debuff_stack_add'),)), (138.83333333333596, 4000, 4040, 18.0, 19.0, 'full_burst', ((97, '타이트', 'debuff_stack_add'),)), (139.50000000000315, 4040, 4080, 19.0, 20.0, 'full_burst', ((97, '타이트', 'debuff_stack_add'),)), (140.16666666667035, 4080, 4120, 20.0, 20.0, 'full_burst', ((97, '타이트', 'debuff_stack_add'),)), (140.83333333333755, 4120, 4160, 20.0, 20.0, 'full_burst', ((97, '타이트', 'debuff_stack_add'),)), (141.50000000000475, 4160, 4200, 20.0, 20.0, 'full_burst', ((97, '타이트', 'debuff_stack_add'),)), (142.16666666667194, 4200, 4240, 20.0, 20.0, 'full_burst', ((97, '타이트', 'debuff_stack_add'),)), (142.83333333333914, 4240, 4280, 20.0, 20.0, 'full_burst', ((97, '타이트', 'debuff_stack_add'),)), (156.86666666668364, 4280, 4320, 10.0, 10.0, 'idle', ()), (158.18333333335136, 4320, 4360, 10.0, 10.0, 'stage:2', ()), (158.85000000001855, 4360, 4400, 10.0, 10.0, 'stage:3', ()), (159.51666666668575, 4400, 4440, 10.0, 11.0, 'full_burst', ((97, '타이트', 'debuff_stack_add'),)), (160.18333333335295, 4440, 4480, 11.0, 12.0, 'full_burst', ((97, '타이트', 'debuff_stack_add'),)), (160.85000000002015, 4480, 4520, 12.0, 13.0, 'full_burst', ((97, '타이트', 'debuff_stack_add'),)), (161.51666666668734, 4520, 4560, 13.0, 14.0, 'full_burst', ((97, '타이트', 'debuff_stack_add'),)), (162.18333333335454, 4560, 4600, 14.0, 15.0, 'full_burst', ((97, '타이트', 'debuff_stack_add'),)), (162.85000000002174, 4600, 4640, 15.0, 16.0, 'full_burst', ((97, '타이트', 'debuff_stack_add'),)), (163.51666666668893, 4640, 4680, 16.0, 17.0, 'full_burst', ((97, '타이트', 'debuff_stack_add'),)), (164.18333333335613, 4680, 4720, 17.0, 18.0, 'full_burst', ((97, '타이트', 'debuff_stack_add'),)), (164.85000000002333, 4720, 4760, 18.0, 19.0, 'full_burst', ((97, '타이트', 'debuff_stack_add'),)), (165.51666666669053, 4760, 4800, 19.0, 20.0, 'full_burst', ((97, '타이트', 'debuff_stack_add'),)), (166.18333333335772, 4800, 4840, 20.0, 20.0, 'full_burst', ((97, '타이트', 'debuff_stack_add'),)), (166.85000000002492, 4840, 4880, 20.0, 20.0, 'full_burst', ((97, '타이트', 'debuff_stack_add'),)), (167.51666666669212, 4880, 4920, 20.0, 20.0, 'full_burst', ((97, '타이트', 'debuff_stack_add'),)), (168.18333333335931, 4920, 4960, 20.0, 20.0, 'full_burst', ((97, '타이트', 'debuff_stack_add'),)), (168.8500000000265, 4960, 5000, 20.0, 20.0, 'full_burst', ((97, '타이트', 'debuff_stack_add'),))]

===== VARIANT: phase_guard_plus_mg_v2 =====
MIHARA_WEAPON={"charge_time": 0.0, "control": {"cover": {"policy": "own_full_burst"}}, "core_acc_slope": 0.0, "core_base_diameter": 10.0, "core_dmg_mult": 200.0, "core_model_n": 2.55, "cover_during_delay": false, "damage_coeff": 5.57, "fire_mode": "auto_warmup", "fire_rate": 1.0, "fire_rate_max": 70.0, "full_charge_mult": 100.0, "is_clip": false, "max_ammo": 300, "muzzles": 1, "normal_hit_coeff": 1.0, "pellets": 1, "post_fire_delay": 0.0, "post_reload_delay": 0.0, "reload_start_delay": 0.0, "reload_time": 2.5, "warmup_bullets": 41.39917201655967, "warmup_cooldown_time": 1.0, "weapon_type": "MG"}
BREAKDOWN={"fast_normal": 258887016.72138828, "fast_skill": 1297646709.1028504, "fast_total": 1556533725.8242388, "moris_normal": 257203997.0, "moris_skill": 1308113729.0, "moris_total": 1565317726.0, "normal_rel": 0.006543520866778341, "skill_rel": -0.008001613059402057, "total_rel": -0.005611640390866701}
MORIS_CHAIN_STACK_CHANGES=[(3.7999999999999914, 10, 11), (4.466666666666656, 11, 12), (5.13333333333332, 12, 13), (5.799999999999985, 13, 14), (6.466666666666649, 14, 15), (7.133333333333313, 15, 16), (7.799999999999978, 16, 17), (8.466666666666667, 17, 18), (9.133333333333367, 18, 19), (9.800000000000066, 19, 20), (29.56666666666627, 10, 11), (30.233333333332897, 11, 12), (30.899999999999526, 12, 13), (31.566666666666155, 13, 14), (32.23333333333279, 14, 15), (32.899999999999416, 15, 16), (33.566666666666045, 16, 17), (34.23333333333267, 17, 18), (34.8999999999993, 18, 19), (35.56666666666593, 19, 20), (55.599999999998126, 10, 11), (56.266666666664754, 11, 12), (56.93333333333138, 12, 13), (57.59999999999801, 13, 14), (58.26666666666464, 14, 15), (58.93333333333127, 15, 16), (59.5999999999979, 16, 17), (60.26666666666453, 17, 18), (60.933333333331156, 18, 19), (61.599999999997785, 19, 20), (81.63333333332999, 10, 11), (82.29999999999661, 11, 12), (82.96666666666324, 12, 13), (83.63333333332987, 13, 14), (84.2999999999965, 14, 15), (84.96666666666313, 15, 16), (85.63333333332976, 16, 17), (86.29999999999639, 17, 18), (86.96666666666302, 18, 19), (87.63333333332965, 19, 20), (107.66666666666184, 10, 11), (108.33333333332847, 11, 12), (108.9999999999951, 12, 13), (109.66666666666173, 13, 14), (110.33333333332835, 14, 15), (110.99999999999498, 15, 16), (111.66666666666161, 16, 17), (112.33333333332824, 17, 18), (112.99999999999487, 18, 19), (113.6666666666615, 19, 20), (133.24999999999818, 10, 11), (133.91666666666538, 11, 12), (134.58333333333258, 12, 13), (135.24999999999977, 13, 14), (135.91666666666697, 14, 15), (136.58333333333417, 15, 16), (137.25000000000136, 16, 17), (137.91666666666856, 17, 18), (138.58333333333576, 18, 19), (139.25000000000296, 19, 20), (159.28333333335223, 10, 11), (159.95000000001943, 11, 12), (160.61666666668663, 12, 13), (161.28333333335382, 13, 14), (161.95000000002102, 14, 15), (162.61666666668822, 15, 16), (163.28333333335542, 16, 17), (163.9500000000226, 17, 18), (164.6166666666898, 18, 19), (165.283333333357, 19, 20)]
FAST_HIT40_BOUNDARIES=[(3.133333333333327, 0, 40, 10.0, 10.0, 'stage:2', ()), (3.7999999999999914, 40, 80, 10.0, 11.0, 'full_burst', ((97, '타이트', 'debuff_stack_add'),)), (4.466666666666656, 80, 120, 11.0, 12.0, 'full_burst', ((97, '타이트', 'debuff_stack_add'),)), (5.13333333333332, 120, 160, 12.0, 13.0, 'full_burst', ((97, '타이트', 'debuff_stack_add'),)), (5.799999999999985, 160, 200, 13.0, 14.0, 'full_burst', ((97, '타이트', 'debuff_stack_add'),)), (6.466666666666649, 200, 240, 14.0, 15.0, 'full_burst', ((97, '타이트', 'debuff_stack_add'),)), (7.133333333333313, 240, 280, 15.0, 16.0, 'full_burst', ((97, '타이트', 'debuff_stack_add'),)), (7.799999999999978, 280, 320, 16.0, 17.0, 'full_burst', ((97, '타이트', 'debuff_stack_add'),)), (8.466666666666667, 320, 360, 17.0, 18.0, 'full_burst', ((97, '타이트', 'debuff_stack_add'),)), (9.133333333333367, 360, 400, 18.0, 19.0, 'full_burst', ((97, '타이트', 'debuff_stack_add'),)), (9.800000000000066, 400, 440, 19.0, 20.0, 'full_burst', ((97, '타이트', 'debuff_stack_add'),)), (10.466666666666766, 440, 480, 20.0, 20.0, 'full_burst', ((97, '타이트', 'debuff_stack_add'),)), (11.133333333333466, 480, 520, 20.0, 20.0, 'full_burst', ((97, '타이트', 'debuff_stack_add'),)), (11.800000000000166, 520, 560, 20.0, 20.0, 'full_burst', ((97, '타이트', 'debuff_stack_add'),)), (12.466666666666866, 560, 600, 20.0, 20.0, 'full_burst', ((97, '타이트', 'debuff_stack_add'),)), (13.133333333333566, 600, 640, 20.0, 20.0, 'full_burst', ((97, '타이트', 'debuff_stack_add'),)), (13.800000000000265, 640, 680, 20.0, 20.0, 'idle', ()), (26.40000000000035, 680, 720, 10.0, 10.0, 'idle', ()), (28.54999999999966, 720, 760, 10.0, 10.0, 'stage:2', ()), (29.21666666666629, 760, 800, 10.0, 10.0, 'stage:3', ()), (29.883333333332917, 800, 840, 10.0, 11.0, 'full_burst', ((97, '타이트', 'debuff_stack_add'),)), (30.549999999999546, 840, 880, 11.0, 12.0, 'full_burst', ((97, '타이트', 'debuff_stack_add'),)), (31.216666666666175, 880, 920, 12.0, 13.0, 'full_burst', ((97, '타이트', 'debuff_stack_add'),)), (31.883333333332804, 920, 960, 13.0, 14.0, 'full_burst', ((97, '타이트', 'debuff_stack_add'),)), (32.549999999999436, 960, 1000, 14.0, 15.0, 'full_burst', ((97, '타이트', 'debuff_stack_add'),)), (33.216666666666065, 1000, 1040, 15.0, 16.0, 'full_burst', ((97, '타이트', 'debuff_stack_add'),)), (33.88333333333269, 1040, 1080, 16.0, 17.0, 'full_burst', ((97, '타이트', 'debuff_stack_add'),)), (34.54999999999932, 1080, 1120, 17.0, 18.0, 'full_burst', ((97, '타이트', 'debuff_stack_add'),)), (35.21666666666595, 1120, 1160, 18.0, 19.0, 'full_burst', ((97, '타이트', 'debuff_stack_add'),)), (35.88333333333258, 1160, 1200, 19.0, 20.0, 'full_burst', ((97, '타이트', 'debuff_stack_add'),)), (36.54999999999921, 1200, 1240, 20.0, 20.0, 'full_burst', ((97, '타이트', 'debuff_stack_add'),)), (37.21666666666584, 1240, 1280, 20.0, 20.0, 'full_burst', ((97, '타이트', 'debuff_stack_add'),)), (37.883333333332466, 1280, 1320, 20.0, 20.0, 'full_burst', ((97, '타이트', 'debuff_stack_add'),)), (38.549999999999095, 1320, 1360, 20.0, 20.0, 'full_burst', ((97, '타이트', 'debuff_stack_add'),)), (39.21666666666572, 1360, 1400, 20.0, 20.0, 'full_burst', ((97, '타이트', 'debuff_stack_add'),)), (52.41666666666497, 1400, 1440, 10.0, 10.0, 'idle', ()), (54.56666666666485, 1440, 1480, 10.0, 10.0, 'stage:2', ()), (55.23333333333148, 1480, 1520, 10.0, 10.0, 'stage:3', ()), (55.89999999999811, 1520, 1560, 10.0, 11.0, 'full_burst', ((97, '타이트', 'debuff_stack_add'),)), (56.56666666666474, 1560, 1600, 11.0, 12.0, 'full_burst', ((97, '타이트', 'debuff_stack_add'),)), (57.233333333331366, 1600, 1640, 12.0, 13.0, 'full_burst', ((97, '타이트', 'debuff_stack_add'),)), (57.899999999997995, 1640, 1680, 13.0, 14.0, 'full_burst', ((97, '타이트', 'debuff_stack_add'),)), (58.566666666664624, 1680, 1720, 14.0, 15.0, 'full_burst', ((97, '타이트', 'debuff_stack_add'),)), (59.23333333333125, 1720, 1760, 15.0, 16.0, 'full_burst', ((97, '타이트', 'debuff_stack_add'),)), (59.89999999999788, 1760, 1800, 16.0, 17.0, 'full_burst', ((97, '타이트', 'debuff_stack_add'),)), (60.56666666666451, 1800, 1840, 17.0, 18.0, 'full_burst', ((97, '타이트', 'debuff_stack_add'),)), (61.23333333333114, 1840, 1880, 18.0, 19.0, 'full_burst', ((97, '타이트', 'debuff_stack_add'),)), (61.89999999999777, 1880, 1920, 19.0, 20.0, 'full_burst', ((97, '타이트', 'debuff_stack_add'),)), (62.566666666664396, 1920, 1960, 20.0, 20.0, 'full_burst', ((97, '타이트', 'debuff_stack_add'),)), (63.233333333331025, 1960, 2000, 20.0, 20.0, 'full_burst', ((97, '타이트', 'debuff_stack_add'),)), (63.899999999997654, 2000, 2040, 20.0, 20.0, 'full_burst', ((97, '타이트', 'debuff_stack_add'),)), (64.56666666666429, 2040, 2080, 20.0, 20.0, 'full_burst', ((97, '타이트', 'debuff_stack_add'),)), (65.23333333333092, 2080, 2120, 20.0, 20.0, 'full_burst', ((97, '타이트', 'debuff_stack_add'),)), (78.78333333333015, 2120, 2160, 10.0, 10.0, 'idle', ()), (80.58333333333005, 2160, 2200, 10.0, 10.0, 'stage:2', ()), (81.24999999999667, 2200, 2240, 10.0, 10.0, 'stage:3', ()), (81.9166666666633, 2240, 2280, 10.0, 11.0, 'full_burst', ((97, '타이트', 'debuff_stack_add'),)), (82.58333333332993, 2280, 2320, 11.0, 12.0, 'full_burst', ((97, '타이트', 'debuff_stack_add'),)), (83.24999999999656, 2320, 2360, 12.0, 13.0, 'full_burst', ((97, '타이트', 'debuff_stack_add'),)), (83.91666666666319, 2360, 2400, 13.0, 14.0, 'full_burst', ((97, '타이트', 'debuff_stack_add'),)), (84.58333333332982, 2400, 2440, 14.0, 15.0, 'full_burst', ((97, '타이트', 'debuff_stack_add'),)), (85.24999999999645, 2440, 2480, 15.0, 16.0, 'full_burst', ((97, '타이트', 'debuff_stack_add'),)), (85.91666666666308, 2480, 2520, 16.0, 17.0, 'full_burst', ((97, '타이트', 'debuff_stack_add'),)), (86.5833333333297, 2520, 2560, 17.0, 18.0, 'full_burst', ((97, '타이트', 'debuff_stack_add'),)), (87.24999999999633, 2560, 2600, 18.0, 19.0, 'full_burst', ((97, '타이트', 'debuff_stack_add'),)), (87.91666666666296, 2600, 2640, 19.0, 20.0, 'full_burst', ((97, '타이트', 'debuff_stack_add'),)), (88.58333333332959, 2640, 2680, 20.0, 20.0, 'full_burst', ((97, '타이트', 'debuff_stack_add'),)), (89.24999999999622, 2680, 2720, 20.0, 20.0, 'full_burst', ((97, '타이트', 'debuff_stack_add'),)), (89.91666666666285, 2720, 2760, 20.0, 20.0, 'full_burst', ((97, '타이트', 'debuff_stack_add'),)), (90.58333333332948, 2760, 2800, 20.0, 20.0, 'full_burst', ((97, '타이트', 'debuff_stack_add'),)), (91.2499999999961, 2800, 2840, 20.0, 20.0, 'full_burst', ((97, '타이트', 'debuff_stack_add'),)), (105.01666666666199, 2840, 2880, 10.0, 10.0, 'idle', ()), (106.59999999999523, 2880, 2920, 10.0, 10.0, 'stage:2', ()), (107.26666666666186, 2920, 2960, 10.0, 10.0, 'stage:3', ()), (107.93333333332849, 2960, 3000, 10.0, 11.0, 'full_burst', ((97, '타이트', 'debuff_stack_add'),)), (108.59999999999512, 3000, 3040, 11.0, 12.0, 'full_burst', ((97, '타이트', 'debuff_stack_add'),)), (109.26666666666175, 3040, 3080, 12.0, 13.0, 'full_burst', ((97, '타이트', 'debuff_stack_add'),)), (109.93333333332838, 3080, 3120, 13.0, 14.0, 'full_burst', ((97, '타이트', 'debuff_stack_add'),)), (110.599999999995, 3120, 3160, 14.0, 15.0, 'full_burst', ((97, '타이트', 'debuff_stack_add'),)), (111.26666666666164, 3160, 3200, 15.0, 16.0, 'full_burst', ((97, '타이트', 'debuff_stack_add'),)), (111.93333333332826, 3200, 3240, 16.0, 17.0, 'full_burst', ((97, '타이트', 'debuff_stack_add'),)), (112.59999999999489, 3240, 3280, 17.0, 18.0, 'full_burst', ((97, '타이트', 'debuff_stack_add'),)), (113.26666666666152, 3280, 3320, 18.0, 19.0, 'full_burst', ((97, '타이트', 'debuff_stack_add'),)), (113.93333333332815, 3320, 3360, 19.0, 20.0, 'full_burst', ((97, '타이트', 'debuff_stack_add'),)), (114.59999999999478, 3360, 3400, 20.0, 20.0, 'full_burst', ((97, '타이트', 'debuff_stack_add'),)), (115.26666666666141, 3400, 3440, 20.0, 20.0, 'full_burst', ((97, '타이트', 'debuff_stack_add'),)), (115.93333333332804, 3440, 3480, 20.0, 20.0, 'full_burst', ((97, '타이트', 'debuff_stack_add'),)), (116.59999999999467, 3480, 3520, 20.0, 20.0, 'full_burst', ((97, '타이트', 'debuff_stack_add'),)), (117.2666666666613, 3520, 3560, 20.0, 20.0, 'full_burst', ((97, '타이트', 'debuff_stack_add'),)), (130.7499999999962, 3560, 3600, 10.0, 10.0, 'idle', ()), (132.18333333333067, 3600, 3640, 10.0, 10.0, 'stage:2', ()), (132.84999999999786, 3640, 3680, 10.0, 10.0, 'stage:3', ()), (133.51666666666506, 3680, 3720, 10.0, 11.0, 'full_burst', ((97, '타이트', 'debuff_stack_add'),)), (134.18333333333226, 3720, 3760, 11.0, 12.0, 'full_burst', ((97, '타이트', 'debuff_stack_add'),)), (134.84999999999945, 3760, 3800, 12.0, 13.0, 'full_burst', ((97, '타이트', 'debuff_stack_add'),)), (135.51666666666665, 3800, 3840, 13.0, 14.0, 'full_burst', ((97, '타이트', 'debuff_stack_add'),)), (136.18333333333385, 3840, 3880, 14.0, 15.0, 'full_burst', ((97, '타이트', 'debuff_stack_add'),)), (136.85000000000105, 3880, 3920, 15.0, 16.0, 'full_burst', ((97, '타이트', 'debuff_stack_add'),)), (137.51666666666824, 3920, 3960, 16.0, 17.0, 'full_burst', ((97, '타이트', 'debuff_stack_add'),)), (138.18333333333544, 3960, 4000, 17.0, 18.0, 'full_burst', ((97, '타이트', 'debuff_stack_add'),)), (138.85000000000264, 4000, 4040, 18.0, 19.0, 'full_burst', ((97, '타이트', 'debuff_stack_add'),)), (139.51666666666983, 4040, 4080, 19.0, 20.0, 'full_burst', ((97, '타이트', 'debuff_stack_add'),)), (140.18333333333703, 4080, 4120, 20.0, 20.0, 'full_burst', ((97, '타이트', 'debuff_stack_add'),)), (140.85000000000423, 4120, 4160, 20.0, 20.0, 'full_burst', ((97, '타이트', 'debuff_stack_add'),)), (141.51666666667143, 4160, 4200, 20.0, 20.0, 'full_burst', ((97, '타이트', 'debuff_stack_add'),)), (142.18333333333862, 4200, 4240, 20.0, 20.0, 'full_burst', ((97, '타이트', 'debuff_stack_add'),)), (142.85000000000582, 4240, 4280, 20.0, 20.0, 'full_burst', ((97, '타이트', 'debuff_stack_add'),)), (156.88333333335032, 4280, 4320, 10.0, 10.0, 'idle', ()), (158.20000000001804, 4320, 4360, 10.0, 10.0, 'stage:2', ()), (158.86666666668523, 4360, 4400, 10.0, 10.0, 'stage:3', ()), (159.53333333335243, 4400, 4440, 10.0, 11.0, 'full_burst', ((97, '타이트', 'debuff_stack_add'),)), (160.20000000001963, 4440, 4480, 11.0, 12.0, 'full_burst', ((97, '타이트', 'debuff_stack_add'),)), (160.86666666668683, 4480, 4520, 12.0, 13.0, 'full_burst', ((97, '타이트', 'debuff_stack_add'),)), (161.53333333335402, 4520, 4560, 13.0, 14.0, 'full_burst', ((97, '타이트', 'debuff_stack_add'),)), (162.20000000002122, 4560, 4600, 14.0, 15.0, 'full_burst', ((97, '타이트', 'debuff_stack_add'),)), (162.86666666668842, 4600, 4640, 15.0, 16.0, 'full_burst', ((97, '타이트', 'debuff_stack_add'),)), (163.5333333333556, 4640, 4680, 16.0, 17.0, 'full_burst', ((97, '타이트', 'debuff_stack_add'),)), (164.2000000000228, 4680, 4720, 17.0, 18.0, 'full_burst', ((97, '타이트', 'debuff_stack_add'),)), (164.86666666669, 4720, 4760, 18.0, 19.0, 'full_burst', ((97, '타이트', 'debuff_stack_add'),)), (165.5333333333572, 4760, 4800, 19.0, 20.0, 'full_burst', ((97, '타이트', 'debuff_stack_add'),)), (166.2000000000244, 4800, 4840, 20.0, 20.0, 'full_burst', ((97, '타이트', 'debuff_stack_add'),)), (166.8666666666916, 4840, 4880, 20.0, 20.0, 'full_burst', ((97, '타이트', 'debuff_stack_add'),)), (167.5333333333588, 4880, 4920, 20.0, 20.0, 'full_burst', ((97, '타이트', 'debuff_stack_add'),)), (168.200000000026, 4920, 4960, 20.0, 20.0, 'full_burst', ((97, '타이트', 'debuff_stack_add'),)), (168.8666666666932, 4960, 5000, 20.0, 20.0, 'full_burst', ((97, '타이트', 'debuff_stack_add'),))]

